2859.0
2859.0
2859.0
2859.0
2859.0
2862.0
2862.0
2862.0
2862.0
2862.0
2832.0
2832.0
2841.0
2832.0
2842.0
2842.0
2842.0
2842.0
2842.0
2855.0
2864.0
2861.0
2861.0
2861.0
2872.0
2882.0
2882.0
2886.0
2890.0
2890.0
2890.0
2895.0
2886.0
2875.0
2888.0
2898.0
2898.0
2898.0
2898.0
2898.0
2898.0
2898.0
2898.0
2898.0
2898.0
2900.0
2905.0
2905.0
2912.0
2921.0
2921.0
2921.0
2920.0
2920.0
2926.0
2930.0
2930.0
2930.0
2930.0
2930.0
2939.0
2939.0
2939.0
2945.0
2945.0
2945.0
2945.0
2945.0
2950.0
2950.0
2960.0
2960.0
2960.0
2961.0
2968.0
2960.0
2961.0
2967.0
2967.0
2967.0
2976.0
2981.0
2985.0
3002.0
2994.0
2994.0
2994.0
2990.0
2978.0
2978.0
2978.0
2970.0
2970.0
2970.0
2970.0
2975.0
2980.0
2980.0
2980.0
2980.0
2980.0
2980.0
2980.0
2960.0
2955.0
2963.0
2963.0
2963.0
2975.0
2972.0
2972.0
2972.0
2977.0
2977.0
2977.0
2961.0
2961.0
2961.0
2961.0
2961.0
2961.0
2961.0
2961.0
2971.0
2976.0
2981.0
2985.0
2985.0
2985.0
2985.0
2985.0
2985.0
2986.0
2990.0
2990.0
2990.0
2995.0
2995.0
3000.0
2995.0
2995.0
2995.0
2995.0
2995.0
3000.0
3000.0
3000.0
2998.0
2998.0
2998.0
3000.0
3003.0
3003.0
3005.0
3010.0
3010.0
3010.0
3015.0
3015.0
3018.0
3018.0
3018.0
3018.0
3018.0
3018.0
3018.0
3018.0
3020.0
3017.0
3017.0
3017.0
3015.0
3015.0
3018.0
3017.0
3017.0
3017.0
3017.0
3015.0
3018.0
3020.0
3023.0
3015.0
3015.0
3015.0
3015.0
3014.0
3014.0
3009.0
3005.0
3005.0
3005.0
3013.0
3014.0
2999.0
2996.0
2990.0
2990.0
2990.0
2990.0
2983.0
2985.0
2990.0
2983.0
2983.0
2983.0
2978.0
2975.0
2975.0
2975.0
2974.0
2974.0
2974.0
2974.0
2974.0
2968.0
2970.0
2973.0
2973.0
2973.0
2970.0
2973.0
2980.0
2990.0
2992.0
2992.0
2992.0
2997.0
2994.0
2996.0
2999.0
2998.0
2998.0
2998.0
3005.0
3013.0
3012.0
3012.0
3010.0
3010.0
3010.0
3012.0
3014.0
3015.0
3015.0
3015.0
3015.0
3015.0
3012.0
3026.0
3030.0
3033.0
3031.0
3031.0
3031.0
3025.0
3025.0
3025.0
3030.0
3028.0
3028.0
3028.0
3029.0
3030.0
3023.0
3023.0
3024.0
3024.0
3024.0
3017.0
3020.0
3010.0
3010.0
3010.0
3010.0
3010.0
3009.0
3005.0
2995.0
2991.0
2997.0
2997.0
2997.0
2993.0
2998.0
2995.0
2990.0
2993.0
2993.0
2993.0
3000.0
3000.0
3006.0
3002.0
3003.0
3003.0
3003.0
3000.0
3005.0
3011.0
3011.0
3011.0
3011.0
3011.0
3010.0
3014.0
3020.0
3020.0
3020.0
3020.0
3020.0
3021.0
3027.0
3030.0
3030.0
3034.0
3034.0
3034.0
3035.0
3038.0
3040.0
3035.0
3028.0
3028.0
3028.0
3026.0
3028.0
3031.0
3031.0
3032.0
3032.0
3032.0
3032.0
3032.0
3031.0
3031.0
3026.0
3026.0
3026.0
3020.0
3015.0
3020.0
3011.0
3011.0
3011.0
3011.0
3012.0
2999.0
3002.0
3005.0
3005.0
3005.0
3005.0
3005.0
3005.0
3006.0
3006.0
3006.0
3006.0
3006.0
3005.0
3000.0
3000.0
3000.0
3000.0
3000.0
3000.0
2999.0
3001.0
3002.0
3007.0
3007.0
3007.0
3007.0
3015.0
3017.0
3016.0
3010.0
3010.0
3010.0
3010.0
3015.0
3015.0
3015.0
3016.0
3017.0
3017.0
3017.0
3016.0
3012.0
3011.0
3012.0
3011.0
3011.0
3011.0
3015.0
3011.0
3006.0
3006.0
3011.0
3011.0
3011.0
3011.0
3008.0
3009.0
3010.0
3014.0
3014.0
3014.0
3017.0
3019.0
3018.0
3020.0
3020.0
3020.0
3020.0
3019.0
3024.0
3023.0
3023.0
3020.0
3020.0
3020.0
3022.0
3020.0
3020.0
3018.0
3015.0
3015.0
3015.0
3015.0
3015.0
3019.0
3023.0
3028.0
3028.0
3028.0
3024.0
3022.0
3020.0
3020.0
3020.0
3020.0
3020.0
3020.0
3019.0
3024.0
3030.0
3030.0
3030.0
3030.0
3038.0
3038.0
3045.0
3045.0
3045.0
3045.0
3045.0
3045.0
3050.0
3050.0
3055.0
3050.0
3050.0
3050.0
3046.0
3055.0
3049.0
3052.0
3052.0
3052.0
3052.0
3060.0
3074.0
3055.0
3044.0
3048.0
3048.0
3048.0
3048.0
3045.0
3033.0
3013.0
3013.0
3013.0
3013.0
3013.0
3013.0
3007.0
3001.0
3037.0
3037.0
3037.0
3037.0
3061.0
3061.0
3084.0
3084.0
3084.0
3084.0
3120.0
3130.0
3130.0
3145.0
3155.0
3155.0
3155.0
4930.0
4931.0
4932.0
4932.0
4932.0
4932.0
4932.0
4977.0
4970.0
4970.0
4981.0
4981.0
4981.0
4981.0
4966.0
4966.0
4956.0
4961.0
4971.0
4971.0
4971.0
4982.0
4978.0
4988.0
4998.0
4994.0
4994.0
4994.0
4985.0
4970.0
4958.0
4973.0
4988.0
4988.0
4988.0
4998.0
4979.0
4964.0
4945.0
4942.0
4942.0
4942.0
4938.0
4945.0
4957.0
4973.0
4968.0
4968.0
4968.0
4989.0
5004.0
5001.0
4990.0
5000.0
5000.0
5000.0
5005.0
5000.0
4992.0
4975.0
4960.0
4960.0
4960.0
4960.0
4945.0
4940.0
4950.0
4958.0
4958.0
4958.0
4945.0
4972.0
4972.0
4969.0
4999.0
4999.0
4999.0
4999.0
5010.0
5010.0
5020.0
5028.0
5028.0
5028.0
5028.0
5013.0
5015.0
5017.0
5030.0
5030.0
5030.0
5035.0
5037.0
5047.0
5053.0
5061.0
5061.0
5061.0
5065.0
5096.0
5107.0
5130.0
5152.0
5152.0
5152.0
5186.0
5214.0
5219.0
5232.0
5271.0
5271.0
5271.0
5347.0
5347.0
5355.0
5365.0
5375.0
5375.0
5375.0
5412.0
5461.0
5465.0
5515.0
5541.0
5541.0
5541.0
5584.0
5584.0
5584.0
5599.0
5640.0
5640.0
5640.0
5704.0
5748.0
5750.0
5758.0
5758.0
5758.0
5758.0
5758.0
5765.0
5765.0
5731.0
5725.0
5725.0
5725.0
5692.0
5730.0
5712.0
8680.0
8660.0
8660.0
8660.0
8520.0
8520.0
8510.0
8540.0
8500.0
8500.0
8500.0
8450.0
8530.0
8580.0
8650.0
8750.0
8750.0
8750.0
8750.0
8700.0
8790.0
8850.0
8850.0
8850.0
8850.0
8770.0
8760.0
8760.0
8760.0
8740.0
8740.0
8740.0
8720.0
8720.0
8720.0
8720.0
8670.0
8670.0
8670.0
8640.0
8600.0
8590.0
8580.0
8580.0
8580.0
8580.0
8560.0
8560.0
8550.0
8560.0
8520.0
8520.0
8520.0
8500.0
8460.0
8450.0
8450.0
8450.0
8450.0
8450.0
8460.0
8430.0
8410.0
8390.0
8380.0
8380.0
8380.0
8380.0
8360.0
8380.0
8350.0
8350.0
8350.0
8350.0
8350.0
8350.0
8400.0
8440.0
8450.0
8450.0
8450.0
8470.0
8470.0
8470.0
8460.0
8400.0
8400.0
8400.0
8400.0
8380.0
8370.0
8360.0
8330.0
8330.0
8330.0
8330.0
8350.0
8360.0
8350.0
8370.0
8370.0
8370.0
8370.0
8350.0
8380.0
8410.0
8430.0
8430.0
8430.0
8370.0
8430.0
8290.0
8260.0
8330.0
8330.0
8330.0
8280.0
8390.0
8410.0
8370.0
8270.0
8270.0
8270.0
8240.0
8200.0
8150.0
8230.0
8110.0
8110.0
8110.0
8110.0
8070.0
8110.0
8120.0
8230.0
8230.0
8230.0
8240.0
8180.0
8170.0
8170.0
8170.0
8170.0
8160.0
8170.0
8200.0
8130.0
8120.0
8060.0
8060.0
8060.0
8000.0
8020.0
8050.0
8000.0
8070.0
8070.0
8070.0
8010.0
8080.0
8040.0
8070.0
8020.0
8020.0
8020.0
8000.0
8120.0
8140.0
8110.0
8130.0
8130.0
8130.0
8090.0
8180.0
8100.0
8060.0
8030.0
8030.0
8030.0
8010.0
8010.0
8070.0
8000.0
8000.0
8000.0
8000.0
8000.0
8000.0
8000.0
8020.0
8050.0
8050.0
8050.0
8050.0
8050.0
8010.0
8130.0
8120.0
8120.0
8120.0
8150.0
8150.0
8150.0
8090.0
8170.0
8170.0
8170.0
8110.0
8150.0
8170.0
8170.0
8210.0
8210.0
8210.0
8230.0
8140.0
8260.0
8260.0
8220.0
8220.0
8220.0
8220.0
8240.0
8350.0
8410.0
8380.0
8380.0
8380.0
8390.0
8410.0
8380.0
8240.0
8250.0
8250.0
8250.0
8240.0
8240.0
8230.0
8300.0
8290.0
8290.0
8290.0
8240.0
8290.0
8280.0
8280.0
8330.0
8330.0
8330.0
8290.0
8360.0
8340.0
8340.0
8320.0
8320.0
8320.0
8320.0
8320.0
8320.0
8400.0
8380.0
8380.0
8380.0
8360.0
8390.0
8410.0
8380.0
8360.0
8360.0
8360.0
8310.0
8300.0
8300.0
8280.0
8280.0
8280.0
8280.0
8290.0
8320.0
8310.0
8290.0
8260.0
8260.0
8260.0
8250.0
8290.0
8270.0
8320.0
8340.0
8340.0
8340.0
8280.0
8350.0
8350.0
8340.0
8310.0
8310.0
8310.0
8300.0
8340.0
8360.0
8330.0
8310.0
8310.0
8310.0
8310.0
8330.0
8340.0
8320.0
8340.0
8340.0
8340.0
8350.0
8380.0
8410.0
8410.0
8420.0
8420.0
8420.0
8390.0
8430.0
8440.0
8450.0
8430.0
8430.0
8430.0
8410.0
8420.0
8410.0
8420.0
8400.0
8400.0
8400.0
8380.0
8390.0
8410.0
8430.0
8450.0
8450.0
8450.0
8470.0
8490.0
8490.0
8440.0
8500.0
8500.0
8500.0
8410.0
8520.0
8570.0
8590.0
8570.0
8570.0
8570.0
8570.0
8630.0
8570.0
8550.0
8500.0
8500.0
8500.0
8490.0
8490.0
8570.0
8520.0
8510.0
8510.0
8510.0
8500.0
8510.0
8490.0
8490.0
8510.0
8510.0
8510.0
8500.0
8530.0
8530.0
8490.0
8530.0
8530.0
8530.0
8560.0
8540.0
8540.0
8540.0
8550.0
8550.0
8550.0
8550.0
8570.0
8570.0
8540.0
8530.0
8530.0
8530.0
8510.0
8540.0
8570.0
8550.0
8530.0
8530.0
8530.0
8530.0
8550.0
8570.0
8580.0
8560.0
8560.0
8560.0
8530.0
8550.0
8590.0
8610.0
8610.0
8610.0
8610.0
8580.0
8600.0
8590.0
8590.0
8560.0
8560.0
8560.0
8540.0
8570.0
8550.0
8550.0
8540.0
8540.0
8540.0
8540.0
8540.0
8540.0
8550.0
8570.0
8570.0
8570.0
8570.0
8570.0
8570.0
8570.0
8630.0
8630.0
8630.0
8630.0
8610.0
8650.0
8660.0
8660.0
8660.0
8660.0
8650.0
8660.0
8650.0
8620.0
8610.0
8610.0
8610.0
8610.0
8640.0
8640.0
8630.0
8630.0
8630.0
8630.0
8610.0
8650.0
8630.0
8660.0
8640.0
8640.0
8640.0
8660.0
8680.0
8680.0
8670.0
8650.0
8650.0
8650.0
8630.0
8650.0
8650.0
8630.0
8610.0
8610.0
8610.0
8590.0
8580.0
8580.0
8580.0
8570.0
8570.0
8570.0
8600.0
8610.0
8630.0
8600.0
8600.0
8600.0
8600.0
8630.0
8640.0
8640.0
8630.0
8630.0
8630.0
8630.0
8610.0
8590.0
8620.0
8620.0
8600.0
8600.0
8600.0
8620.0
8600.0
8600.0
8610.0
8630.0
8630.0
8630.0
8620.0
8650.0
8660.0
8680.0
8670.0
8670.0
8670.0
8670.0
8690.0
8700.0
8690.0
8680.0
8680.0
8680.0
8650.0
8620.0
8610.0
8620.0
8630.0
8630.0
8630.0
8650.0
8650.0
8630.0
8660.0
8640.0
8640.0
8640.0
8620.0
8620.0
8650.0
8650.0
8660.0
8660.0
8660.0
8650.0
8670.0
8670.0
8660.0
8680.0
8680.0
8680.0
8670.0
8690.0
8660.0
8660.0
8660.0
8660.0
8660.0
8660.0
8660.0
8650.0
8680.0
8670.0
8670.0
8670.0
8650.0
8680.0
8690.0
8680.0
8680.0
8680.0
8680.0
8680.0
8700.0
8700.0
8680.0
8690.0
8690.0
8690.0
8690.0
8700.0
8720.0
8710.0
8690.0
8690.0
8690.0
8670.0
8700.0
8720.0
8730.0
8690.0
8690.0
8690.0
8670.0
8670.0
8720.0
8740.0
8740.0
8740.0
8740.0
8730.0
8740.0
8770.0
8790.0
8790.0
8790.0
8790.0
8790.0
8810.0
8810.0
8810.0
8840.0
8840.0
8840.0
8840.0
8860.0
8880.0
8810.0
8820.0
8820.0
8820.0
8840.0
8840.0
8860.0
8850.0
8840.0
8840.0
8840.0
8840.0
8850.0
8850.0
8860.0
8870.0
8870.0
8870.0
8850.0
8880.0
8880.0
8890.0
8890.0
8890.0
8890.0
8890.0
8910.0
8900.0
8890.0
8900.0
8900.0
8900.0
8920.0
8890.0
8920.0
8910.0
8920.0
8920.0
8920.0
8910.0
8920.0
8920.0
8930.0
8930.0
8930.0
8930.0
8930.0
8950.0
8960.0
8990.0
8990.0
8990.0
8990.0
8990.0
9020.0
9030.0
9030.0
9040.0
9040.0
9040.0
9030.0
9050.0
9050.0
9030.0
9020.0
9020.0
9020.0
9010.0
9020.0
9030.0
9020.0
9030.0
9030.0
9030.0
9040.0
9040.0
9050.0
9070.0
9080.0
9080.0
9080.0
9090.0
9090.0
9110.0
9100.0
9110.0
9110.0
9110.0
9140.0
9150.0
9150.0
9160.0
9150.0
9150.0
9150.0
9150.0
9160.0
9170.0
9160.0
9150.0
9150.0
9150.0
9150.0
9150.0
9150.0
9160.0
9170.0
9170.0
9170.0
9180.0
9200.0
9210.0
9230.0
9200.0
9200.0
9200.0
9220.0
9230.0
9230.0
9230.0
9250.0
9250.0
9250.0
9250.0
9270.0
9270.0
9280.0
9270.0
9270.0
9270.0
9280.0
9290.0
9290.0
9290.0
9300.0
9300.0
9300.0
9300.0
9320.0
9330.0
9330.0
9340.0
9340.0
9340.0
9350.0
9380.0
9390.0
9390.0
9400.0
9400.0
9400.0
9400.0
9410.0
9410.0
9420.0
9440.0
9440.0
9440.0
9440.0
9450.0
9460.0
9470.0
9480.0
9480.0
9480.0
9480.0
9480.0
9480.0
9490.0
9500.0
9500.0
9500.0
9510.0
9520.0
9520.0
9520.0
9520.0
9520.0
9520.0
9520.0
9520.0
9530.0
9540.0
9540.0
9540.0
9540.0
9540.0
9550.0
9560.0
9560.0
9570.0
9570.0
9570.0
9570.0
9580.0
9590.0
9590.0
9600.0
9600.0
9600.0
9610.0
9620.0
9630.0
9640.0
9640.0
9640.0
9640.0
9650.0
9660.0
9660.0
9660.0
9670.0
9670.0
9670.0
9680.0
9690.0
9690.0
9700.0
9710.0
9710.0
9710.0
9710.0
9710.0
9720.0
9720.0
9730.0
9730.0
9730.0
9730.0
9740.0
9750.0
9760.0
9770.0
9770.0
9770.0
9770.0
9780.0
9790.0
9790.0
9790.0
9790.0
9790.0
9800.0
9800.0
9810.0
9810.0
9820.0
9820.0
9820.0
9820.0
9830.0
9830.0
9840.0
9840.0
9840.0
9840.0
9850.0
9850.0
9850.0
9860.0
9870.0
9870.0
9870.0
9880.0
9890.0
9900.0
9900.0
9900.0
9900.0
9900.0
9910.0
9910.0
9920.0
9920.0
9920.0
9920.0
9920.0
9930.0
9940.0
9940.0
9950.0
9950.0
9950.0
9950.0
9960.0
9960.0
9970.0
9970.0
9980.0
9980.0
9980.0
9980.0
9980.0
9980.0
9980.0
9980.0
9980.0
9980.0
9990.0
9990.0
10000.0
10000.0
10000.0
10000.0
10000.0
10010.0
10010.0
10020.0
10020.0
10030.0
10030.0
10030.0
10030.0
10040.0
10040.0
10050.0
10060.0
10060.0
10060.0
10060.0
10070.0
10080.0
10080.0
10090.0
10090.0
10090.0
10100.0
10110.0
10110.0
10120.0
10130.0
10130.0
10130.0
10130.0
10140.0
10140.0
10150.0
10150.0
10150.0
10150.0
10160.0
10170.0
10170.0
10170.0
10180.0
10180.0
10180.0
10180.0
10180.0
10190.0
10190.0
10200.0
10200.0
10200.0
10200.0
10210.0
10210.0
10210.0
10210.0
10210.0
10210.0
10220.0
10230.0
10230.0
10240.0
10240.0
10240.0
10240.0
10250.0
10250.0
10260.0
10270.0
10270.0
10270.0
10270.0
10280.0
10280.0
10290.0
10290.0
10300.0
10300.0
10300.0
10300.0
10310.0
10310.0
10320.0
10320.0
10320.0
10320.0
10330.0
10340.0
10340.0
10350.0
10350.0
10350.0
10350.0
10360.0
10360.0
10370.0
10370.0
10380.0
10380.0
10380.0
10380.0
10390.0
10390.0
10400.0
10400.0
10400.0
10400.0
10410.0
10410.0
10420.0
10420.0
10430.0
10430.0
10430.0
10430.0
10440.0
10450.0
10450.0
10460.0
10460.0
10460.0
10470.0
10470.0
10480.0
10490.0
10490.0
10490.0
10490.0
10500.0
10510.0
10520.0
10530.0
10540.0
10540.0
10540.0
10540.0
10550.0
10560.0
10570.0
10570.0
10570.0
10570.0
10580.0
10590.0
10600.0
10610.0
10620.0
10620.0
10620.0
10620.0
10630.0
10630.0
10640.0
10640.0
10640.0
10640.0
10650.0
10650.0
10660.0
10660.0
10670.0
10670.0
10670.0
10670.0
10680.0
10680.0
10690.0
10690.0
10690.0
10690.0
10700.0
10700.0
10710.0
10710.0
10720.0
10720.0
10720.0
10720.0
10720.0
10730.0
10740.0
10740.0
10740.0
10740.0
10740.0
10740.0
10750.0
10750.0
10760.0
10760.0
10760.0
10770.0
10770.0
10770.0
10780.0
10780.0
10780.0
10780.0
10790.0
10790.0
10800.0
10800.0
10810.0
10810.0
10810.0
10810.0
10820.0
10820.0
10830.0
10840.0
10840.0
10840.0
10840.0
10850.0
10850.0
10860.0
10860.0
10860.0
10860.0
10870.0
10870.0
10880.0
10890.0
10890.0
10900.0
10900.0
10930.0
10950.0
11030.0
11030.0
11030.0
11030.0
11030.0
11800.0
11850.0
11900.0
11900.0
11900.0
11900.0
11900.0
12740.0
12800.0
12800.0
13760.0
14060.0
14060.0
14060.0
14310.0
14330.0
15010.0
14960.0
14880.0
14880.0
14880.0
14850.0
14830.0
14910.0
14890.0
14910.0
14910.0
14910.0
15100.0
15310.0
15210.0
15360.0
15400.0
15400.0
15400.0
15450.0
15420.0
15150.0
15410.0
15270.0
15270.0
15270.0
15210.0
15200.0
15330.0
15300.0
15090.0
15090.0
15090.0
14860.0
14910.0
14910.0
14770.0
14770.0
14770.0
14770.0
14860.0
14990.0
14920.0
14750.0
14890.0
14890.0
14890.0
14960.0
15080.0
15080.0
15020.0
14860.0
14860.0
14860.0
14950.0
14970.0
15200.0
15070.0
15060.0
15060.0
15060.0
15120.0
15100.0
15110.0
14760.0
14790.0
14790.0
14790.0
14680.0
14570.0
14560.0
14490.0
14640.0
14640.0
14640.0
14740.0
14700.0
14720.0
14680.0
14620.0
14620.0
14620.0
14570.0
14490.0
14510.0
14350.0
14330.0
14330.0
14330.0
14440.0
14420.0
14330.0
14270.0
14290.0
14290.0
14290.0
14290.0
14290.0
14580.0
14360.0
14240.0
14240.0
14240.0
14440.0
14560.0
14470.0
14270.0
14270.0
14270.0
14270.0
14300.0
14470.0
14250.0
14260.0
14280.0
14280.0
14280.0
14320.0
14280.0
14160.0
14180.0
14150.0
14150.0
14150.0
14040.0
14170.0
14290.0
14380.0
14320.0
14320.0
14320.0
14410.0
14530.0
14630.0
14810.0
14890.0
14890.0
14890.0
14815.0
14912.0
14943.0
15130.0
15316.0
15316.0
15316.0
15412.0
15488.0
15353.0
15336.0
15345.0
15345.0
15345.0
15435.0
15422.0
15461.0
15360.0
15293.0
15293.0
15293.0
15318.0
15377.0
15378.0
15380.0
15308.0
15308.0
15308.0
15346.0
15333.0
15357.0
15396.0
15396.0
15396.0
15396.0
15400.0
15432.0
15446.0
15460.0
15391.0
15391.0
15391.0
15237.0
15330.0
15349.0
15317.0
15187.0
15187.0
15187.0
15182.0
15200.0
15197.0
15108.0
15120.0
15120.0
15120.0
15126.0
15200.0
15212.0
15221.0
15248.0
15248.0
15248.0
15345.0
15497.0
15565.0
15707.0
15690.0
15690.0
15690.0
15805.0
15771.0
15989.0
15997.0
15991.0
15991.0
15991.0
16024.0
16259.0
16423.0
16498.0
16730.0
16730.0
16730.0
17601.0
17836.0
17700.0
17667.0
17539.0
17539.0
17539.0
17452.0
17399.0
17491.0
17573.0
17683.0
17683.0
17683.0
17791.0
17816.0
17807.0
17840.0
17801.0
17801.0
17801.0
17798.0
17762.0
17720.0
17636.0
17531.0
17531.0
17531.0
17530.0
17557.0
17603.0
17672.0
17707.0
17707.0
17707.0
17691.0
17703.0
17688.0
17673.0
17723.0
17723.0
17723.0
17740.0
17629.0
17413.0
17338.0
17202.0
17202.0
17202.0
17162.0
17243.0
17343.0
17248.0
17194.0
17194.0
17194.0
17179.0
17273.0
17252.0
17273.0
17258.0
17258.0
17258.0
17313.0
17358.0
17469.0
17450.0
17438.0
17438.0
17438.0
17421.0
17447.0
17413.0
17505.0
17500.0
17500.0
17500.0
17641.0
17640.0
17648.0
17745.0
17869.0
17869.0
17869.0
17889.0
17896.0
17915.0
17924.0
17927.0
17927.0
17927.0
17976.0
18042.0
18127.0
18266.0
18153.0
18153.0
18153.0
18098.0
18030.0
18085.0
18184.0
18087.0
18087.0
18087.0
18175.0
18260.0
18259.0
18248.0
18250.0
18250.0
18250.0
18303.0
18290.0
18310.0
18338.0
18370.0
18370.0
18370.0
18376.0
18375.0
18368.0
18289.0
18289.0
18289.0
18289.0
18370.0
18555.0
18569.0
1.8569
1.8569
1.8569
1.8569
1.8628
1.8667
1.8752
1.8752
1.8752
1.8752
1.8752
1.9048
1.9234
1.9326
1.9514
1.9864
2.0132
2.0132
2.0419
2.0412
2.0461
2.1564
2.1095
2.1095
2.1095
2.0746
2.1251
2.1365
2.1234
2.0823
2.0823
2.0823
2.1006
2.1568
2.1718
2.1486
2.1668
2.1668
2.1668
2.166
2.1959
2.2069
2.2034
2.2065
2.2065
2.2065
2.1892
2.1686
2.1914
2.1616
2.1683
2.1683
2.1683
2.1644
2.161
2.1664
2.1648
2.1482
2.1482
2.1482
2.1506
2.1277
2.1275
2.1362
2.1235
2.0913
2.0913
2.0913
2.0913
2.0985
2.0838
2.0666
2.0666
2.0666
2.0616
2.0675
2.0725
2.0344
2.0278
2.0278
2.0278
2.0313
2.0219
2.0161
2.0278
2.0232
2.0232
2.0232
2.0119
2.0262
2.0133
2.0139
1.9996
1.9996
1.9996
2.0206
2.0254
2.0236
2.0092
2.0029
2.0029
2.0029
1.9958
1.9864
1.9849
1.9989
1.9907
1.9907
1.9907
2.0213
1.9842
1.9829
1.9653
1.9687
1.9687
1.9687
1.9703
1.9668
1.9495
1.9382
1.9214
1.9214
1.9214
1.918
1.9121
1.94
1.9389
1.9434
1.9434
1.9434
1.9434
1.9434
1.9461
1.9234
1.9266
1.9266
1.9266
1.9261
1.9247
1.9375
1.9592
1.9608
1.9608
1.9608
1.968
1.9759
1.9703
1.9619
1.9712
1.9712
1.9712
1.9788
1.9788
1.9877
1.9921
2.0007
2.0007
2.0007
1.9869
1.985
1.9807
1.968
1.9823
1.9823
1.9823
1.9932
2.0007
2.0047
2.0028
1.9967
1.9967
1.9967
1.9727
1.9742
1.9759
1.9801
2.0051
2.0051
2.0051
2.0036
2.0041
2.0053
2.0053
2.0053
2.0053
2.0053
1.9979
2.0048
2.0159
2.0121
2.0124
2.0124
2.0124
2.012
2.0043
2.0046
1.994
1.9828
1.9828
1.9828
1.9824
1.9776
1.9807
1.978
1.985
1.985
1.985
1.9897
1.9953
1.9943
1.9889
1.9958
1.9958
1.9958
1.9799
1.9916
1.9928
1.9926
1.9777
1.9777
1.9777
1.9662
1.9658
1.9652
1.9648
1.9555
1.9555
1.9555
1.9482
1.9393
1.9388
1.9288
1.9288
1.9288
1.9288
1.9354
1.9421
1.9522
1.9571
1.9511
1.9511
1.9511
1.9574
1.9578
1.9605
1.9613
1.9692
1.9692
1.9692
1.9585
1.9612
1.9536
1.9472
1.9477
1.9477
1.9477
1.9577
1.9563
1.956
1.9574
1.9524
1.9524
1.9524
1.9511
1.9481
1.9457
1.9334
1.9322
1.9322
1.9322
1.9336
1.9281
1.933
1.9264
1.9268
1.9268
1.9268
1.9159
1.9178
1.9176
1.9156
1.9149
1.9149
1.9149
1.9137
1.913
1.9189
1.9305
1.9251
1.9251
1.9251
1.9248
1.9185
1.9113
1.9064
1.9048
1.9048
1.9048
1.9023
1.9004
1.9017
1.9101
1.9065
1.9065
1.9065
1.9054
1.904
1.9042
1.9039
1.9052
1.9052
1.9052
1.9052
1.9062
1.9083
1.9109
1.9433
1.9433
1.9433
1.9586
1.9581
1.9498
1.9564
1.9572
1.9572
1.9572
1.9461
1.9447
1.9514
1.9647
1.9636
1.9636
1.9636
1.9665
1.9719
1.9795
1.9627
1.9703
1.9703
1.9703
1.9706
1.9696
1.9789
1.9746
1.9739
1.9739
1.9739
1.9547
1.9526
1.9548
1.9749
1.9726
1.9726
1.9726
1.9715
1.9723
1.9577
1.9496
1.948
1.948
1.948
1.9434
1.9507
1.9519
1.9585
1.9585
1.9585
1.9585
1.9585
1.9666
1.9707
1.9653
1.9538
1.9538
1.9538
1.9597
1.964
1.9697
1.9542
1.9509
1.9509
1.9509
1.9548
1.9506
1.9439
1.9472
1.9423
1.9361
1.9361
1.935
1.931
1.9286
1.9321
1.9394
1.9394
1.9394
1.9357
1.9356
1.9365
1.9344
1.9267
1.9267
1.9267
1.9121
1.9178
1.9225
1.9126
1.9028
1.9028
1.9028
1.8891
1.8804
1.865
