1.0
1.0
1.0
1.0
1.0
1.0
1.0
1.0
1.009375
1.0061919504643964
1.0092307692307692
1.0060975609756098
1.006060606060606
1.0
1.0
1.0090361445783131
1.0059701492537314
1.0089020771513353
1.0058823529411764
1.0058479532163742
1.0
1.0
1.005813953488372
1.0057803468208093
1.0057471264367817
1.0085714285714287
1.0084985835694051
1.0
1.0
1.0084269662921348
1.0083565459610029
1.0055248618784531
1.0054945054945055
1.005464480874317
1.0
1.0
1.0054347826086956
1.0054054054054054
1.0080645161290323
1.008
1.0052910052910053
1.0
1.0
1.013157894736842
1.0129870129870129
1.0076923076923077
1.005089058524173
1.0075949367088608
1.0
1.0
1.0050251256281406
1.005
1.0049751243781095
1.004950495049505
1.0049261083743843
1.0
1.0
1.0049019607843137
1.0048780487804878
1.0048543689320388
1.002415458937198
1.002409638554217
1.0
1.0
1.0024038461538463
1.0023980815347722
1.0
1.0023923444976077
1.0023866348448687
1.0
1.0
1.0023809523809524
1.002375296912114
1.0023696682464456
1.0023640661938533
1.0023584905660377
1.0
1.0
1.0023529411764707
1.0023474178403755
1.0023419203747073
1.0023364485981308
1.0023310023310024
1.0
1.0
1.0023255813953489
1.0023201856148491
1.0023148148148149
1.002309468822171
1.0023041474654377
1.0
1.0
1.0022988505747126
1.0045871559633028
1.004566210045662
1.0068181818181818
1.0045146726862302
1.0
1.0
1.0044943820224719
1.0067114093959733
1.0044444444444445
1.0066371681415929
1.0043956043956044
1.0
1.0
1.0065645514223194
1.0043478260869565
1.0064935064935066
1.0
1.0
1.0
1.0
1.0
1.010752688172043
1.0106382978723405
1.0
1.0
1.0
1.0
1.0
1.0
1.0105263157894737
1.0104166666666667
1.0103092783505154
1.0
1.0
1.0
1.0
1.010204081632653
1.0101010101010102
1.01
1.00990099009901
1.0
1.0098039215686274
1.0
1.0097087378640777
1.0096153846153846
1.0095238095238095
1.0
1.0
1.009433962264151
1.0093457943925233
1.0092592592592593
1.0091743119266054
1.009090909090909
1.0
1.0
1.009009009009009
1.0089285714285714
1.008849557522124
1.0087719298245614
1.0069565217391305
1.0
1.0
1.0069084628670122
1.006861063464837
1.0068143100511073
1.0067681895093064
1.0067226890756302
1.0
1.0
1.006677796327212
1.0066334991708126
1.0115321252059308
1.009771986970684
1.0080645161290323
1.0
1.0
1.008
1.007936507936508
1.0078740157480315
1.0078125
1.0077519379844961
1.0
1.0
1.0076923076923077
1.0076335877862594
1.0075757575757576
1.0075187969924813
1.007462686567164
1.0
1.0
1.0
1.0074074074074073
1.0073529411764706
1.0072992700729928
1.0072463768115942
1.0
1.0
1.0071942446043165
1.0071428571428571
1.0070921985815602
1.0070422535211268
1.006993006993007
1.0
1.0
1.0069444444444444
1.006896551724138
1.0068493150684932
1.0068027210884354
1.0067567567567568
1.0
1.0
1.0067114093959733
1.0066666666666666
1.0066225165562914
1.006578947368421
1.0065359477124183
1.0
1.0
1.0103896103896104
1.0089974293059125
1.0063694267515924
1.0063291139240507
1.0062893081761006
1.0
1.0
1.00625
1.0062111801242235
1.0061728395061729
1.0061349693251533
1.0060975609756098
1.0
1.0
1.006060606060606
1.0060240963855422
1.0059880239520957
1.005952380952381
1.0059171597633136
1.0
1.0
1.0094117647058825
1.008158508158508
1.0057803468208093
1.0057471264367817
1.0057142857142858
1.0
1.0
1.0079545454545455
1.0090191657271703
1.005586592178771
1.011111111111111
1.010989010989011
1.0
1.0
1.0108695652173914
1.010752688172043
1.0106382978723405
1.0105263157894737
1.0104166666666667
1.0
1.0
1.0175257731958762
1.0131712259371835
1.01
1.00990099009901
1.0
1.0
1.0
1.0029411764705882
1.0009775171065494
1.0
1.0009765625
1.0019512195121951
1.0
1.0
1.0009737098344693
1.0009727626459144
1.000971817298348
1.0019417475728156
1.000968992248062
1.0
1.0
1.0019361084220717
1.0019323671497584
1.0028929604628736
1.0
1.0028846153846154
1.0
1.0
1.0009587727708533
1.0
1.0019157088122606
1.0019120458891013
1.0
1.0
1.0
1.0
1.0
1.0
1.0
1.0028625954198473
1.0
1.0
1.0
1.0028544243577546
1.0
1.0
1.0028462998102468
1.0
1.0
1.0028382213812677
1.0028301886792452
1.0018814675446848
1.0
1.0037558685446009
1.0
1.0
1.0
1.0
1.0018709073900842
1.0028011204481793
1.0
1.0
1.0
1.0
1.005586592178771
1.0
1.0046296296296295
1.0
1.0
1.0
1.0046082949308757
1.0
1.0027522935779816
1.0
1.0
1.0
1.0
1.0045745654162854
1.006375227686703
1.004524886877828
1.0036036036036036
1.0053859964093357
1.0
1.0
1.0017857142857143
1.0
1.0044563279857397
1.0044365572315883
1.0070671378091873
1.0
1.0
1.006140350877193
1.002615518744551
1.0017391304347827
1.0043402777777777
1.003457216940363
1.0
1.0
1.0034453057708872
1.0
1.0051502145922746
1.004269854824936
1.001700680272109
1.0
1.0
1.0
1.0
1.0
1.0016977928692699
1.0
1.0
1.0
1.0
1.0
1.0
1.0
1.0
1.0025423728813558
1.0
1.0
1.0016906170752324
1.00168776371308
1.0025273799494523
1.0016806722689076
1.0
1.0
1.0016778523489933
1.0008375209380234
1.0
1.001673640167364
1.0008354218880535
1.0
1.0
1.0
1.0
1.001669449081803
1.0016666666666667
1.002495840266223
1.0
1.0
1.0024896265560166
1.0016556291390728
1.0
1.0
1.0016528925619834
1.0
1.0
1.0024752475247525
1.002469135802469
1.0
1.0016420361247949
1.0040983606557377
1.0
1.0
1.0024489795918368
1.0
1.0
1.001628664495114
1.0032520325203251
1.0
1.0
1.0016207455429498
1.0
1.0
1.0016181229773462
1.0
1.0
1.0
1.0
1.001615508885299
1.0
1.0040322580645162
1.0016064257028112
1.0
1.0
1.0
1.0024057738572574
1.0016
1.0
1.0
1.0
1.0
1.0023961661341854
1.0
1.002390438247012
1.0039745627980923
1.0031670625494853
1.0
1.0
1.0
1.0023677979479084
1.0
1.0
1.0039370078740157
1.0
1.0
1.003921568627451
1.0
1.00390625
1.0038910505836576
1.0023255813953489
1.0
1.0
1.0015467904098994
1.0038610038610039
1.0038461538461538
1.003831417624521
1.002290076335878
1.0
1.0
1.0
1.0
1.0
1.0
1.0
1.0
1.0
1.0
1.0
1.0022848438690022
1.0030395136778116
1.0022727272727272
1.0
1.0
1.0
1.0
1.0
1.0
1.0052910052910053
1.0
1.0
1.0
1.0
1.000751879699248
1.0022539444027048
1.0007496251874064
1.0
1.0
1.002247191011236
1.0
1.0
1.0022421524663676
1.0
1.0
1.0
1.0
1.0014914243102162
1.0014892032762472
1.0
1.0
1.0
1.0
1.0
1.0
1.0
1.0
1.0022304832713755
1.0
1.0
1.0014836795252227
1.0022222222222221
1.0036954915003695
1.0029455081001473
0.9992657856093979
1.0
1.0
1.0022042615723732
1.002932551319648
1.0014619883040936
1.0021897810218978
1.0
1.0
1.0
1.001456664238893
0.9992727272727273
1.0
1.0007278020378456
0.9992727272727273
1.0
1.0
0.9992721979621543
1.0
0.9992716678805535
1.0
1.000728862973761
1.0
1.0
1.001456664238893
1.0
1.0
1.0021818181818183
1.0014513788098693
1.0
1.0
1.0
1.0
1.0014492753623188
1.0
1.0014471780028944
1.0
1.0
1.0007225433526012
1.0007220216606498
1.0021645021645023
1.0021598272138228
1.0021551724137931
1.0
1.0
1.0014336917562725
1.0
1.0021474588403723
1.0021428571428572
1.0
1.0
1.0
1.0
1.0
1.0014255167498218
1.000711743772242
1.0028449502133712
1.0
1.0
1.0021276595744681
1.0035385704175512
1.0
1.0007052186177716
1.0021141649048626
1.0
1.0
1.0014064697609002
1.0014044943820224
1.0021037868162692
1.0020993701889434
1.0020949720670391
1.0
1.0
1.0
1.0006968641114982
1.0
1.0
1.0006963788300836
1.0
1.0
1.000695894224078
1.0
1.0006954102920724
1.0013898540653232
1.0
1.0
1.0
1.0
1.0006939625260236
1.0006934812760055
1.0013860013860014
1.0006920415224914
1.0
1.0
1.0013831258644537
1.0006906077348066
1.0020703933747412
1.0020661157024793
1.002061855670103
1.0
1.0
1.0020576131687242
1.000684462696783
1.0013679890560876
1.0013661202185793
1.000682128240109
1.0
1.0
1.0006816632583504
1.0
1.0006811989100817
1.0013614703880191
1.0006798096532972
1.0
1.0
1.000679347826087
1.0
1.0006788866259335
1.0013568521031209
1.0006775067750677
1.0
1.0
1.000677048070413
1.0
1.0013531799729365
1.0013513513513514
1.0006747638326585
1.0
1.0
1.0
1.0006743088334458
1.0006738544474394
1.0013468013468014
1.0006724949562877
1.0013440860215055
1.0
1.0
1.0
1.0013422818791946
1.0006702412868633
1.000669792364367
1.001338688085676
1.0
1.0
1.0
1.0
1.0020053475935828
1.0020013342228151
1.0019973368841544
1.0
1.0
1.0006644518272425
1.00199203187251
1.0006626905235254
1.0006622516556292
1.00132362673726
1.0
1.0
1.0
1.0019828155981494
1.0
1.0013192612137203
1.0006587615283267
1.0
1.0
1.000658327847268
1.000657894736842
1.0013149243918475
1.0013131976362442
1.001311475409836
1.0
1.0
1.0
1.0006548788474132
1.0
1.0013089005235603
1.0013071895424837
1.0
1.0
1.0013054830287207
1.001303780964798
1.0013020833333333
1.0013003901170352
1.0
1.0
1.0
1.0
1.001948051948052
1.0019442644199612
1.0032341526520052
1.0012894906511929
1.0
1.0
1.0012878300064392
1.0019292604501608
1.0012836970474968
1.0012820512820513
1.001920614596671
1.0
1.0
1.0019169329073483
1.0
1.0019132653061225
1.0019096117122852
1.0019059720457433
1.0
1.0
1.0
1.0
1.0019023462270134
1.0
1.0
1.0
1.0
1.0
1.0
1.0
1.0012658227848101
1.0050568900126422
1.0
1.0
1.0
1.0050314465408805
1.002503128911139
1.0018726591760299
1.0018691588785047
1.0
1.0
1.0012437810945274
1.001863354037267
1.0024798512089275
1.0018552875695732
1.0012345679012347
1.0
1.0
1.0
1.001849568434032
1.0012307692307691
1.0
1.0018438844499078
1.0
1.0
1.0012269938650307
1.0018382352941178
1.001834862385321
1.0018315018315018
1.0012187690432663
1.0
1.0
1.001217285453439
1.0012158054711247
1.0018214936247722
1.0018181818181817
1.0
1.0
1.0
1.0
1.0
1.0
1.0018148820326678
1.0
1.0
1.0
1.0
1.002415458937198
1.0012048192771084
1.0
1.0018050541516246
1.0
1.0
1.0
1.0018018018018018
1.001199040767386
1.0
1.0
1.0
1.0
1.0017964071856287
1.0011954572624029
1.0
1.0
1.0
1.0
1.0
1.0
1.0023880597014925
1.0
1.0035735556879095
1.0011869436201781
1.0
1.0
1.001778304682869
1.0011834319526627
1.00177304964539
1.000589970501475
1.0
1.0
1.0
1.0
1.0023584905660377
1.001764705882353
1.002348796241926
1.0017574692442883
1.0
1.0
1.0005847953216374
1.0011689070718879
1.001751313485114
1.0023310023310024
1.0011627906976743
1.0
1.0
1.0005807200929153
1.0011607661056297
1.001159420289855
1.0
1.0
1.0
1.0
1.0
1.0017371163867979
1.001156069364162
1.001732101616628
1.0
1.0
1.0
1.0
1.0
1.0
1.0
1.0011527377521614
1.0
1.0
1.0
1.0
1.0
1.0
1.0
1.0
1.0
1.001727115716753
1.0
1.0011494252873563
1.0
1.0
1.0
1.0
1.0
1.0
1.0
1.0017221584385763
1.0
1.0
1.0
1.002865329512894
1.0017142857142858
1.0017113519680547
1.001138952164009
1.0022753128555177
1.0
1.0
1.0
1.0017026106696936
1.0011331444759206
1.0011318619128466
1.0011305822498586
1.0
1.0
1.0005646527385659
1.0011286681715577
1.0016910935738443
1.0011254924029263
1.0
1.0
1.0
1.0016863406408094
1.001122334455668
1.001121076233184
1.001679731243001
1.0005589714924539
1.0
1.0
1.000558659217877
1.0005583472920156
1.0011160714285714
1.000557413600892
1.0
1.0
1.0
1.0
1.0011142061281337
1.0
1.0
1.001669449081803
1.0
1.0
1.0
1.001111111111111
1.0
1.0011098779134295
1.0016629711751663
1.0
1.0
1.0
1.0016602102933039
1.0011049723756906
1.000551876379691
1.0005515719801434
1.0
1.0
1.0005512679162072
1.0
1.0005509641873278
1.001101321585903
1.0
1.0
1.0
1.0
1.0005500550055006
1.0016492578339746
1.0016465422612513
1.0010958904109588
1.0
1.0
1.0005473453749316
1.00054704595186
1.0005467468562055
1.0005464480874318
1.0005461496450028
1.0
1.0
1.0005458515283843
1.0010911074740863
1.0005449591280653
1.0
1.0
1.0
1.0
1.0005446623093681
1.0
1.0005443658138269
1.000544069640914
1.0005437737901033
1.0
1.0
1.0
1.0005434782608695
1.0005431830526887
1.0
1.000542888165038
1.0
1.0
1.0005425935973955
1.0010845986984815
1.0005417118093174
1.0005414185165133
1.0005411255411256
1.0
1.0
1.0
1.0005408328826393
1.001081081081081
1.0005399568034556
1.0005396654074474
1.0
1.0
1.0
1.000539374325782
1.0
1.0
1.0005390835579515
1.0
1.0
1.0005387931034482
1.0005385029617664
1.0005382131324003
1.0005379236148466
1.0
1.0
1.0
1.0010752688172042
1.0005370569280343
1.0
1.0005367686527107
1.0005364806866952
1.0
1.0
1.0
1.0005361930294907
1.0005359056806002
1.0005356186395287
1.0010706638115632
1.0
1.0
1.0
1.0005347593582887
1.0005344735435595
1.000534188034188
1.0
1.0
1.0
1.0
1.000533902829685
1.0005336179295625
1.0005333333333333
1.0
1.0
1.0
1.0005330490405118
1.0005327650506126
1.0005324813631522
1.0005321979776476
1.000531914893617
1.0
1.0
1.0
1.0005316321105795
1.0010626992561105
1.0005307855626326
1.0010610079575597
1.0
1.0
1.0005299417064122
1.0
1.0
1.0
1.0
1.0
1.0
1.0
1.0005296610169492
1.0005293806246691
1.0005291005291006
1.0005288207297727
1.0
1.0
1.0005285412262157
1.000528262017961
1.0005279831045406
1.0
1.0005277044854881
1.0
1.0
1.0
1.001054852320675
1.0010537407797682
1.0010526315789474
1.0005257623554153
1.0
1.0
1.000525486074619
1.0010504201680672
1.0010493179433368
1.000524109014675
1.0
1.0
1.0
1.0
1.000523834468308
1.000523560209424
1.000523286237572
1.0005230125523012
1.0
1.0
1.0005227391531626
1.0005224660397074
1.0005221932114883
1.0005219206680585
1.0005216484089723
1.0
1.0
1.0005213764337852
1.0
1.0
1.0005211047420532
1.0
1.0
1.0
1.0
1.0
1.0
1.0
1.0
1.0
1.0
1.0
1.0
1.0015625
1.001560062402496
1.0020768431983385
1.0
1.0
1.0005181347150258
1.0005178663904712
1.0
1.0005175983436854
1.000517330574237
1.0
1.0
1.0
1.001034126163392
1.0010330578512396
1.0
1.0
1.0
1.0
1.001547987616099
1.001545595054096
1.001543209876543
1.0015408320493067
1.0015384615384615
1.0
1.0
1.0
1.0005120327700974
1.0015353121801434
1.0
1.0
1.0
1.0
1.0
1.0
1.0
1.0
1.0
1.0
1.0
1.0
1.001021972406745
1.0010209290454313
1.0010198878123406
1.001018848700968
1.0
1.0
1.0010178117048345
1.0
1.0010167768174885
1.0015236160487557
1.0015212981744421
1.0
1.0
1.000506329113924
1.000506072874494
1.0005058168942842
1.000505561172902
1.0005053057099544
1.0
1.0
1.0005050505050506
1.000504795557799
1.0005045408678104
1.000504286434695
1.001008064516129
1.0
1.0
1.0
1.000503524672709
1.000503271263211
1.0005030181086518
1.0005027652086476
1.0
1.0
1.000502512562814
1.0005022601707685
1.001004016064257
1.0005015045135406
1.0005012531328321
1.0
1.0
1.000501002004008
1.0005007511266901
1.001001001001001
1.001
1.0004995004995005
1.0
1.0
1.000499251123315
1.000499001996008
1.000498753117207
1.0004985044865404
1.0009965122072746
1.0
1.0
1.0004977600796416
1.000497512437811
1.0004972650422674
1.0004970178926442
1.0004967709885744
1.0
1.0
1.0004965243296922
1.0004962779156328
1.0004960317460319
1.0004957858205255
1.0004955401387512
1.0
1.0
1.0004952947003467
1.0004950495049505
1.000494804552202
1.0
1.000494559841741
1.0
1.0
1.0
1.0
1.0009886307464162
1.0004938271604937
1.0
1.0
1.0
1.0004935834155972
1.0004933399111988
1.0004930966469427
1.0009857072449482
1.0004923682914821
1.0
1.0
1.000492125984252
1.000491883915396
1.0004916420845624
1.0004914004914005
1.0004911591355599
1.0
1.0
1.0
1.0004909180166912
1.0004906771344455
1.0004904364884748
1.0009803921568627
1.0
1.0
1.0004897159647403
1.0004894762604013
1.0004892367906066
1.0004889975550122
1.0004887585532747
1.0
1.0
1.0004885197850513
1.00048828125
1.0004880429477794
1.0004878048780488
1.000487567040468
1.0
1.0
1.0
1.0004873294346979
1.0004870920603994
1.0004868549172348
1.0004866180048662
1.0
1.0
1.0004863813229572
1.0004861448711717
1.000485908649174
1.0004856726566294
1.0
1.0
1.0
1.0
1.0
1.000485436893204
1.0
1.0
1.0
1.0
1.0
1.0
1.000485201358564
1.0004849660523762
1.0004847309743092
1.0
1.0
1.0
1.000484496124031
1.0
1.0004842615012106
1.000484027105518
1.0
1.0
1.0
1.000483792936623
1.0004835589941974
1.0
1.000483325277912
1.0
1.0
1.0004830917874397
1.000482858522453
1.0004826254826256
1.0004823926676314
1.0
1.0
1.0
1.0004821600771456
1.0004819277108434
1.0004816955684008
1.0004814636494945
1.0004812319538017
1.0
1.0
1.0004810004810005
1.0004807692307693
1.000480538202787
1.0004803073967339
1.00048007681229
1.0
1.0
1.0
1.0
1.0004798464491362
1.0004796163069545
1.0
1.0
1.0
1.0004793863854267
1.0004791566842357
1.0004789272030652
1.000478697941599
1.0004784688995216
1.0
1.0
1.0
1.0004782400765184
1.0004780114722753
1.0004777830864788
1.0004775549188156
1.0
1.0
1.0
1.0004773269689737
1.0004770992366412
1.000476871721507
1.0004766444232602
1.0
1.0
1.0004764173415912
1.0004761904761905
1.000475963826749
1.0004757373929591
1.0004755111745125
1.0
1.0
1.0
1.0
1.0004752851711027
1.0004750593824228
1.000474833808167
1.0
1.0
1.0004746084480303
1.0004743833017078
1.0004741583688952
1.0004739336492892
1.0004737091425864
1.0
1.0
1.0004734848484849
1.0004732607666824
1.000473036896878
1.0004728132387706
1.0004725897920606
1.0
1.0
1.0
1.000472366556448
1.0004721435316337
1.0004719207173194
1.0004716981132076
1.0
1.0
1.0004714757190005
1.0
1.0004712535344016
1.0004710315591145
1.0004708097928436
1.0
1.0
1.0004705882352942
1.0004703668861712
1.000470145745181
1.0004699248120301
1.0
1.0
1.0
1.0004697040864257
1.0004694835680752
1.000469263256687
1.00046904315197
1.0
1.0
1.0
1.0
1.0
1.0004688232536334
1.000468603561387
1.0
1.0
1.0
1.0
1.0004683840749415
1.0
1.0004681647940075
1.0004679457182968
1.0
1.0
1.000467726847521
1.0004675081813932
1.000467289719626
1.0
1.0004670714619337
1.0
1.0
1.0004668534080299
1.0004666355576295
1.0004664179104477
1.0004662004662004
1.0
1.0
1.0
1.0
1.000465983224604
1.0004657661853749
1.0004655493482308
1.0004653327128896
1.0
1.0
1.0
1.0004651162790699
1.0
1.00046490004649
1.0
1.0
1.0
1.0004646840148699
1.0004644681839294
1.000464252553389
1.0
1.0
1.0
1.0
1.0004640371229698
1.0
1.0
1.0
1.0
1.0
1.0
1.0
1.0
1.0
1.0
0.9990723562152134
1.0
1.0
1.0
1.000464252553389
1.0004640371229698
1.0004638218923934
0.999072786277237
1.0
1.0
1.0
1.0
1.0
0.9995359628770302
0.999535747446611
1.0
1.0
1.0004644681839294
1.0
1.000464252553389
1.0004640371229698
1.0
1.0
1.0
1.0004638218923934
1.0009272137227632
1.0
1.000463177396943
1.0
1.0
1.0
0.9990740740740741
1.0
0.9995366079703429
1.0
0.999072786277237
1.0
1.0
1.0
0.9995359628770302
1.0
0.9990714948932219
0.9995353159851301
1.0
1.0
1.0
1.0
1.00046490004649
0.9995353159851301
1.0
1.0
1.0
1.0
1.00046490004649
1.0004646840148699
1.0004644681839294
0.999535747446611
1.0
1.0
1.0
0.9995355318160706
0.9995353159851301
1.0
1.0
1.0
1.0
1.0
1.00046490004649
1.0
1.0
1.0
1.0
1.0
1.0
0.9995353159851301
1.0
1.0
1.0
1.0
1.0
0.99953509995351
1.0
1.0
1.0
1.0004651162790699
1.0
1.0
1.0
1.00046490004649
1.0
1.0004646840148699
0.9995355318160706
1.0
1.0
1.0
1.0
1.0004646840148699
1.0
0.9995355318160706
1.0
1.0
1.0
1.0
1.0
1.0004646840148699
1.0
1.0
1.0
1.0
1.0
1.0
1.0
1.0
1.0
1.0
1.0004644681839294
1.000464252553389
1.0
1.0004640371229698
1.0
1.0
1.0
1.0
1.0
1.0
1.0
0.9995361781076066
1.0
1.0
1.0
0.9995359628770302
1.0
1.0
0.999535747446611
1.0
1.0
1.0
1.0
1.0
1.0
0.9995355318160706
1.0
1.0
1.0
1.0
1.0004646840148699
1.0
1.0004644681839294
1.0
1.0
1.0
1.000464252553389
1.0004640371229698
1.0
0.9995361781076066
1.0
1.0
1.0
0.9995359628770302
1.0
1.000464252553389
1.0
1.0
1.0
1.0
0.9995359628770302
1.0
1.0
1.0
1.0
1.0
1.0
1.000464252553389
1.0004640371229698
1.0004638218923934
1.0004636068613815
1.0
1.0
1.0
1.0
1.0
1.0
1.000463392029657
1.0
1.0
1.0
0.999536822603057
1.0
1.0
1.0
1.0
1.0
1.0
1.0
0.9995366079703429
0.9995363931386184
1.0
1.0
1.0
1.0
1.0
1.0
1.0004638218923934
1.0
1.0
1.0
1.0
1.0004636068613815
1.000463392029657
1.000463177396943
1.0
1.0
1.0
1.0
1.0004629629629629
1.0
1.000462748727441
1.0
1.0
1.0
0.9995374653098983
0.999537251272559
1.0
1.0
1.0
1.0
1.0
0.999537037037037
1.0
1.000463177396943
1.0004629629629629
1.0
1.0
1.0
1.0
1.000462748727441
1.0004625346901017
1.0004623208506704
1.0004621072088724
1.0
1.0
1.0
1.0
1.0004618937644343
1.0
0.9995383194829178
1.0
1.0
1.0
1.0
1.0
1.0
0.9995381062355658
1.0
1.0
1.0
1.0
1.0
1.0
1.0
1.0
1.0
1.0004621072088724
1.0004618937644343
1.0004616805170823
1.0
1.0004614674665435
1.0
1.0
1.0
1.0
1.0004612546125462
1.0004610419548179
1.0
1.0
1.0
1.0
1.0
1.0
1.0
1.0
1.0
1.0
1.0
1.0004608294930875
1.0004606172270842
1.0
1.0
1.0
1.0
1.0
1.0
1.0
1.0004604051565378
0.9995398067188219
1.0
1.0
1.0004604051565378
1.000460193281178
1.000459981600736
1.0
1.0
1.0
1.0
1.0
1.0
1.0
1.0
1.0
1.0
1.0
1.0
1.0
1.0
1.0
1.0
1.0
1.0
1.0
1.0
1.0
1.0
0.9995402298850574
1.0
1.0
1.0
1.000459981600736
1.0
1.0
1.0
1.0
1.0
1.0
1.0
1.0
1.0
1.0
1.0
1.0
1.0
1.0
1.0
1.0
0.9995402298850574
1.0
1.0
0.999540018399264
1.0
1.0
0.9995398067188219
0.9995395948434622
1.0
1.0
0.9995393827729157
1.0
1.0
1.0
1.0
1.0
1.0
1.0
1.0
1.0
1.0
1.0
1.0
1.0
1.0
1.0004608294930875
1.0
1.0
1.0004606172270842
1.0
1.0
1.0
1.0
1.0004604051565378
1.0
1.0
1.0
1.0
1.0
1.0
1.0
1.0
1.0
1.0
1.0
0.9995398067188219
1.0
0.9995395948434622
0.9990787655458314
0.9995389580451821
1.0
1.0
1.0
1.0
1.0004612546125462
1.0
0.9990779160903642
1.0
1.0
1.0
1.0004614674665435
0.9995387453874539
0.9995385325334564
0.9995383194829178
1.0
1.0
1.0
0.9990762124711317
1.0
0.9990753582986592
1.0
1.0
1.0
0.999074502545118
0.999536822603057
0.9995366079703429
1.0
1.0
1.0
1.0
1.0
1.0
0.9995363931386184
0.9995361781076066
0.9995359628770302
1.0
1.0
0.999535747446611
1.0
1.0
1.0
1.0
1.0
1.0
1.0
1.0
1.0
1.0
0.9995355318160706
1.0
1.0
1.0
1.0
1.0004646840148699
1.0
1.0
1.0
1.0
1.0004644681839294
1.0
1.0
1.0
1.000464252553389
1.0
1.0
0.9995359628770302
1.0
1.0
1.0
0.999535747446611
1.0
1.0
1.0
1.0
0.9995355318160706
1.0
0.9990706319702602
1.0
1.0
1.0
1.0
1.0004651162790699
1.0
1.0
1.0
1.0
1.0
1.0
1.0
1.00046490004649
1.0
1.0
1.0
1.0
1.0
0.9995353159851301
0.99953509995351
1.0
1.0
1.0
1.0
1.0
1.0
0.9995348837209302
1.0
1.0
1.0
1.0
1.0
1.0
1.0
1.0
1.0
1.0
1.0
1.0
1.0004653327128896
1.0
1.0
1.0
1.0
1.0
1.0
1.0
1.0
1.0
1.0
1.0
1.0
1.0
1.0
1.0
0.9995348837209302
1.0
1.0
1.0
1.0
1.0
1.0
1.0
1.0
1.0
1.0
1.0
1.0004653327128896
0.9995348837209302
1.0
1.0
1.0
1.0
1.0004653327128896
1.0
1.0
1.0
1.0
1.0
1.0
1.0
1.0
1.0
1.0
1.0
1.0
1.0
1.0
1.0
1.0
0.9995348837209302
1.0
1.0
1.0
1.0
1.0
0.9995346672871103
1.0
1.0
1.0
1.0
1.0004655493482308
1.0
1.0
1.0
1.0
1.0
1.0
1.0004653327128896
1.0
1.0
1.0
1.0
1.0
1.0
1.0
1.0
1.0
1.0
1.0
1.0
1.0
1.0
1.0
1.0
1.0
1.0
1.0
1.0
1.0004651162790699
1.0
1.0
1.0
1.0
1.0
1.0
1.00046490004649
1.0
1.0
1.0
1.0
1.0
1.0
0.9995353159851301
1.0
1.0
1.0
1.0
1.0
0.99953509995351
1.0
1.0
1.0
1.0
1.0
1.0
1.0
1.0
1.0
1.0
1.0
1.0
1.0
1.0
1.0
1.0
1.0
1.0
1.0
1.0
1.0
1.0
1.0004651162790699
1.0
1.0
1.0
1.0
1.0
1.0
1.0
1.0
0.99953509995351
1.0
1.0
1.0
0.9995348837209302
1.0
1.0
1.0
1.0
1.0
1.0
1.0
1.0004653327128896
1.0
1.0
1.0
1.0
1.0
1.0
1.0
1.0
1.0
1.0
1.0
1.0
1.0
1.0
1.0
1.0
1.0
1.0
0.9995348837209302
1.0
0.9995346672871103
1.0
1.0
1.0
1.0
1.0004655493482308
1.0
1.0004653327128896
1.0
1.0
1.0
1.0
1.0004651162790699
1.0
1.0
1.0
1.0
1.0
1.0
1.0
1.0
1.0
1.0
1.0
1.0
1.0
1.0
1.0
1.0
1.0
1.0
1.0
1.0
1.0
1.00046490004649
1.0
1.0
1.0
1.0
1.0
1.0
1.0
1.0
1.0
1.0
1.0
1.0
1.0
1.0
1.0004646840148699
1.0
1.0
1.0
1.0
1.0
0.9995355318160706
1.0
1.0
1.0
1.0
1.0
0.9995353159851301
0.99953509995351
1.0
1.0
1.0
1.0
1.0
1.0
1.0
1.0
1.0
1.0
1.0
1.0
1.0
1.0
1.0
1.0
1.0
1.0
1.0
1.0
1.0
1.0
1.0004651162790699
1.0
1.0
1.0
1.0
1.0
1.0
1.0
1.0
1.0
1.0
1.0
1.0
1.0
0.99953509995351
1.0
1.0
1.0
1.0
1.0
1.0
1.0
1.0
1.0
1.0
1.0
1.0
1.0
1.0
1.0
1.0
1.0
0.9995348837209302
1.0
1.0
1.0
1.0
1.0
1.0
1.0
1.0
1.0
1.0
1.0
1.0
1.0
1.0
1.0
1.0
1.0
1.0
1.0
1.0
1.0
1.0
1.0
1.0
1.0
1.0
1.0
1.0
1.0
1.0
1.0
1.0
1.0
1.0
1.0
1.0
1.0
1.0
1.0
1.0
1.0
1.0
1.0
1.0
1.0
1.0
1.0
1.0
1.0
1.0
0.9990693345742205
0.999534233814625
0.9995340167753961
1.0
1.0
1.0
1.0
1.0
0.9995337995337995
0.9995335820895522
1.0
1.0
1.0
1.0
1.0
1.0
1.0
1.0
1.0
1.0
1.0
1.0
1.0
1.0
1.0
1.0
1.0
1.0
1.0
1.0
1.0
1.0
1.0
1.0
1.0
1.0
1.0
1.0
1.0
1.0
0.9995333644423705
1.0
1.0
1.0
1.0
1.0
1.0
1.0
1.0
1.0
1.0
1.0
1.0
1.0
1.0
1.0
1.0
1.0
1.0
1.0
1.0
1.0
1.0
1.0
1.0
1.0
1.0
1.0
1.0
1.0
1.0
1.0
1.0
1.0
1.0
1.0
1.0
1.0
1.0
1.0
1.0
1.0
1.0
1.0
1.0
1.0
1.0
1.0
1.0
1.0
1.0
1.0
1.0
1.0
1.0
1.0
1.0
1.0
1.0
1.0
1.0
1.0
1.0
1.0
0.9995331465919701
1.0
1.0
1.0
1.0
1.0
1.0
1.0
1.0
1.0
1.0
1.0
1.0
1.0
1.0
1.0
1.0
1.0
1.0
1.0
1.0
1.0
1.0
1.0
1.0
1.0
1.0
1.0
1.0
1.0
1.0
1.0
1.0
1.0
1.0
1.0
1.0
1.0
1.0
1.0
1.0
1.0
1.0
1.0
1.0
1.0
1.0
1.0
1.0
1.0
1.0
1.0
1.0
1.0
1.0
1.0
1.0
1.0
1.0
1.0
1.0
1.0
1.0
1.0
1.0
1.0
1.0
1.0
1.0
1.0
1.0
1.0
1.0
1.0
1.0
1.0
1.0
1.0
1.0
1.0
1.0
1.0
1.0
1.0
0.9995329285380663
1.0
1.0
1.0
1.0
1.0
1.0
1.0
1.0
1.0
1.0
1.0
1.0
1.0
1.0
1.0
1.0
1.0
1.0
1.0
1.0
1.0
1.0
1.0
1.0
1.0
1.0
1.0
1.0
1.0
1.0
1.0
1.0
1.0
1.0
1.0
1.0
1.0
1.0
1.0
1.0
1.0
1.0
1.0
1.0
1.0
1.0
1.0
1.0
1.0
1.0
1.0
1.0
1.0
1.0
1.0
1.0
1.0
1.0
1.0
1.0
1.0
1.0
1.0
1.0
1.0
1.0
1.0
1.0
1.0
1.0
1.0
1.0
1.0
1.0
1.0
1.0
1.0
1.0
1.0
1.000467289719626
1.0
1.0
1.0
1.0004670714619337
1.0
1.0
1.0
1.0
1.0
1.0
1.0
0.9995331465919701
1.0
1.0
1.0
1.0
1.0
1.0
1.0004670714619337
1.0
1.0
1.0
1.0
1.0
1.0
1.0
1.0
1.0
1.0
1.0
1.0
1.0
1.0
1.0
1.0
1.0
1.0
1.0
1.0
1.0004668534080299
1.0
1.0
1.0
1.0
1.0
1.0
1.0
1.0
1.0
1.0
1.0
1.0
1.0
1.0
1.0
1.0
1.0
1.0
1.0
1.0
1.0
1.0
1.0
1.0
1.0
1.0
1.0
1.0
1.0004666355576295
1.0
1.0
1.0
1.0
1.0
1.0
1.0
1.0004664179104477
1.0
1.0
1.0
1.0
1.0
1.0
1.0
1.0
1.0
1.0
1.0
1.0
1.0
1.0
1.0
1.0
1.0
1.0
1.0
1.0
1.0
1.0
1.0
1.0
1.0
1.0
1.0
1.0
1.0
1.0
1.0
1.0
1.0
1.0
1.0
1.0
1.0
1.0
1.0
1.0
1.0
1.0
1.0
1.0
1.0
1.0004662004662004
1.0
1.0
1.0
1.0
1.0
1.0
1.0
0.9995340167753961
1.0
1.0
1.0
1.0
1.0
1.0
1.0
1.0
1.0
1.0
1.0
1.0
1.0
1.0
1.0
1.0
1.0
1.0
1.0
1.0
1.0
1.0
1.0
1.0
1.0
1.0
1.0
1.0
1.0
1.0
1.0
1.0
1.0
1.0
1.0
1.0
1.0
1.0
1.0
1.0
1.0
1.0
1.0
1.0
1.0
1.0
1.0
1.0
1.0
1.0
1.0
1.0
1.0
1.0
1.0
1.0
1.0004662004662004
1.0
1.0
1.0
1.0
1.0
1.0
1.000465983224604
1.0
1.0
1.0
1.0
1.0
1.0
1.0
1.0
1.0
1.0
1.0
1.0
1.0
1.0
1.0
1.0
1.0
1.0
1.0
1.0
1.0004657661853749
1.0
1.0
1.0
1.0
1.0
1.0004655493482308
1.0
1.0
1.0
1.0
1.0
1.0
1.0
1.0
1.0
1.0
1.0
1.0
1.0
1.0
1.0
1.0
1.0
1.0
1.0
1.0
1.0
1.0
1.0
1.0
1.0
1.0
1.0004653327128896
1.0
1.0
1.0
1.0
1.0
1.0
1.0
1.0
1.0
1.0
1.0
1.0
1.0
1.0
1.0
1.0004651162790699
1.0
1.0
1.0
1.0
1.0
1.0
1.0
1.0
1.0
1.0
1.0
1.00046490004649
1.0
1.0
1.0
1.0
1.0
1.0
1.0
1.0
1.0
1.0
1.0
1.0
1.0
1.0
1.0
1.0
1.0
1.0
1.0
1.0
1.0004646840148699
1.0
1.0
1.0
1.0
1.0
1.0
1.0
1.0
1.0004644681839294
1.0
1.0
1.0
1.0
1.0
1.0
1.0
1.0
1.0
1.0
1.0
1.0
1.0
1.0
1.0
1.0
1.0
1.0
1.0
0.999535747446611
0.9990710636321412
0.99953509995351
1.0
1.0
1.0
1.0
1.0
1.0
1.0
1.0
1.0
1.0
1.0
1.0
1.0
1.0
1.0
1.0
1.0
1.0
1.0
1.0
1.0
1.0
1.0
1.0
1.0
1.0
1.0
1.0
1.0
1.0
1.0
1.0
1.0
1.0
1.0
1.0
1.0
0.9995348837209302
1.0
1.0
1.0
0.9995346672871103
1.0
1.0
1.0
1.0
1.0
1.0
1.0
1.0
1.0
1.0
0.999534450651769
1.0
1.0
1.0
1.0
1.0
1.0
1.0
1.0
1.0
1.0
1.0
1.0
1.0
0.999534233814625
1.0
1.0
1.0
1.0
1.0
1.0
1.0
1.0
1.0
1.0
1.0
1.0
1.0
1.0
1.0
1.0
1.0
1.0
1.0
1.0
0.9995340167753961
1.0
1.0
1.0
1.0
1.0
1.0
1.0
1.0
1.0
1.0
1.0
1.0
1.0
1.0
1.0
1.0
1.0
1.0
1.0
1.0
1.0
0.9995337995337995
0.9995335820895522
1.0
1.0
1.0
1.0
0.9995333644423705
1.0
1.0
0.9995331465919701
1.0
1.0
0.9995329285380663
1.0
1.0
1.0
0.9995327102803738
1.0
1.0
1.0
1.0
0.9995324918186068
1.0
1.0
1.0
1.0
0.999532273152479
1.0
1.0
1.0
1.0
1.0
1.0
0.9995320542817033
1.0
1.0
0.9995318352059925
1.0
1.0
1.0
1.0
0.9995316159250586
1.0
1.0
1.0
1.0
1.0
0.9995313964386129
1.0
1.0
1.0
0.9995311767463666
1.0
1.0
0.99906191369606
1.0
0.9995305164319249
1.000939408172851
0.999061473486626
1.0
1.0
0.9995302959135745
1.0
0.9995300751879699
1.0
0.999529854254819
1.0
1.0
0.9995296331138288
1.0
1.0
1.0
1.0
1.0
1.0
1.0
0.9995294117647059
1.0
1.0
1.0
1.0
1.0
0.9995291902071564
1.0
0.9995289684408856
0.9995287464655985
1.0
1.0
1.0
0.9995285242809995
1.0
1.0
0.9995283018867924
0.9995280792826805
1.0
1.0
0.9995278564683664
0.9995276334435522
1.0
0.9995274102079396
1.0
1.0
1.0
1.0
0.9995271867612293
1.0
1.0
0.9995269631031221
1.0
1.0
1.0
0.9995267392333176
1.0
0.9995265151515151
1.0
1.0
1.0
1.0
1.0
1.0
1.0
1.0
1.0
1.0
1.0
1.0
1.0
1.0
1.0
1.0
1.0
1.0
1.0
1.0
1.0
1.0
1.0
1.0
1.0
1.0
1.0
1.0
1.0
1.0
1.0
1.0
1.0
1.000947418285173
1.0
1.0004732607666824
1.0
1.0
1.0
1.000473036896878
1.0
0.9990543735224586
0.9995267392333176
1.0
1.0
1.0
1.0
0.9995265151515151
1.0
1.0
1.0
1.0
1.0
1.0
1.0004737091425864
1.0
1.0004734848484849
1.0
1.0
1.0
1.0004732607666824
1.0
1.0
1.0
1.0
1.0
1.0
1.0
1.0
1.0
1.0
1.0
1.0
1.0
1.0
1.0
1.000473036896878
1.0
1.0
1.0
1.0004728132387706
1.0
1.0009451795841209
1.0004721435316337
1.0004719207173194
1.0
1.0
1.0004716981132076
1.000942951438001
1.0009420631182289
1.0009411764705882
1.0
1.0
1.0
1.000940291490362
1.0
1.0014091122592768
1.0009380863039399
1.0009372071227742
1.0
1.0
1.000936329588015
1.0014031805425632
1.0009341429238674
1.0013999066728885
1.0009319664492078
1.0
1.0
1.0013966480446927
1.00092980009298
1.0013934045517883
1.0
1.0018552875695732
1.0
1.0
1.0013888888888889
1.0023116042533518
1.0009225092250922
1.0018433179723503
1.0027598896044159
1.0
1.0
1.0013761467889908
1.0022904260192396
1.0022851919561244
1.002279981760146
1.0009099181073704
1.0
1.0
1.0
1.0
1.0
1.0
1.0
1.0
1.0
1.0
1.0
1.0
1.0
1.0
1.0
1.0
1.0
1.0
1.0
1.2045454545454546
1.0
1.0
1.0
1.0018867924528303
1.0
1.0
0.9962335216572504
1.0
1.0
1.0
1.0003780718336484
1.000755857898715
1.0007552870090635
1.0007547169811322
1.001131221719457
1.0
1.0
1.0
1.0037664783427496
1.00375234521576
1.0037383177570094
1.0037243947858474
1.0
1.0
1.0018552875695732
1.001111111111111
1.0011098779134295
1.0059127864005912
1.0110213078618662
1.0
1.0
1.011264534883721
0.9996406755300036
1.0017972681524083
1.0
1.002870470039469
1.0
1.0
1.0
1.0
1.0
1.0017889087656529
1.0017857142857143
1.0
1.0
1.0
1.0017825311942958
1.00355871886121
1.00354609929078
1.0017667844522968
1.0
1.0
1.0
1.001763668430335
1.0
1.0035211267605635
1.0028070175438597
1.0
1.0
1.0
1.000699790062981
1.0034965034965035
1.0
1.0
1.0
1.0
1.0034843205574913
1.0
1.0
1.0
1.0
1.0
1.0
0.9982638888888888
0.9968695652173913
0.9982554082344731
0.9821740650122335
0.9911032028469751
1.0
1.0
0.9989228007181329
1.0017972681524083
1.008611410118407
0.9939523301316258
1.0
1.0
1.0
1.0153901216893342
0.9971801198449066
1.002120890774125
0.9961199294532628
0.9925637393767706
1.0
1.0
0.9950053514092044
1.006453926138401
1.0081938012112577
0.9964664310954063
1.0053191489361701
1.0
1.0
0.9964726631393298
0.9964601769911504
1.002841918294849
1.0010626992561105
1.002476999292286
1.0
1.0
1.0035298270384752
1.0077383046078086
1.0
0.9954624781849912
0.9926367461430575
1.0
1.0
1.0
1.0
0.9978806075591664
0.9929203539823008
1.0
1.0
1.0
1.0017825311942958
0.997864768683274
1.0
1.0014265335235377
0.9943019943019943
1.0
1.0
0.9953438395415473
0.9971212666426772
0.9960303139660772
1.0036231884057971
0.9992779783393502
1.0
1.0
1.0054190751445087
0.9953287818900467
1.0
0.9963898916967509
0.9960144927536232
1.0
1.0
1.0
1.0040014550745726
1.0036231884057971
1.0054151624548737
0.9982046678635548
1.0
1.0
1.0
1.0
0.9982014388489209
1.0057657657657657
1.0
1.0
1.0
1.0078824793980652
1.0053323853537148
0.9971711456859972
1.002482269503546
0.9978776087725504
1.0
1.0
1.0077986529599432
1.0021104467112205
0.9968409968409968
0.9985915492957746
1.0010578279266573
1.0
1.0
1.0028178936245156
1.0024587284861257
0.9905395935529082
1.004598514326141
0.9964788732394366
1.0
1.0
1.0024734982332155
0.9957701797673599
1.0021238938053096
0.9989403037795832
1.0
1.0
1.0
1.007072135785007
1.0007022471910112
1.0038596491228071
1.0
1.00209716882209
1.0
1.0
1.0052319497732822
0.9979181124219292
0.9937413073713491
0.9954513645906228
1.0007029876977154
1.0
1.0
0.9936775553213909
0.9975256274301874
0.9996456413890857
0.9985820630981921
1.0014199503017394
1.0
1.0
0.9946827366182205
0.9978617248752673
1.0114285714285713
1.0060028248587571
0.9922779922779923
1.0
1.0
0.9985850725150336
0.9939780375487071
1.0010691375623664
1.0
1.004627981488074
1.0
1.0
1.0053153791637137
1.0017624250969335
1.011259676284307
0.9909533750869868
0.9950842696629213
1.0
1.0
1.0091743119266054
0.9961538461538462
1.0007020007020007
0.9936864258155034
1.002117896223085
1.0
1.0
0.9957731595632265
1.0003537318712417
0.9975247524752475
1.0038993264799716
0.9975282485875706
1.0
1.0
1.0042477876106195
0.9971801198449066
1.0056557087310003
0.9961335676625659
0.9985885673959068
1.0
1.0
1.0
0.995053003533569
0.99609375
0.9950089126559715
0.9974919383733429
1.0
1.0
1.002514367816092
1.0007165890361878
0.9935553168635876
0.9963963963963964
1.0010849909584087
1.0
1.0
1.0003612716763006
0.9956663055254604
0.9974610083424011
1.0014545454545454
1.0025417574437183
1.0
1.0
1.0021731256791018
0.9989157932779184
0.9989146164978292
1.0007243752263673
1.0025334781035107
1.0
1.0
0.9974729241877256
0.9952949692363373
0.9996363636363637
0.9970898508548564
1.0003648303538855
1.0
1.0
1.0
0.9981765134938001
0.9974424552429667
0.9981684981684982
1.0003669724770643
1.0
1.0
0.9996331621423331
0.9974311926605505
1.0
1.0
0.9988962472406181
1.0
1.0
0.9992633517495396
1.0040545521562845
1.0033039647577093
1.0036589828027809
0.995260663507109
1.0
1.0
1.0025641025641026
1.000730727073438
1.0
0.9974443227455275
0.9970717423133236
1.0
1.0
0.9963289280469897
0.9985261606484893
1.0
1.0007380073800738
1.00405604719764
1.0
1.0
0.9988982739625413
1.0011029411764707
1.001468968049945
1.0018335166850019
1.0
1.0
1.0
1.0
1.0029282576866765
1.0
1.0
1.0153284671532847
1.0
1.0
1.0
1.0
0.9992810927390366
1.0017985611510791
1.000718132854578
1.0
1.0
1.0100466451381414
1.0071047957371226
1.0084656084656085
0.9989506820566632
0.9947478991596639
1.0
1.0
1.0003519887363603
1.0021111893033074
1.0021067415730338
1.0056061667834617
1.0034843205574913
1.0
1.0
1.0
0.9982638888888888
1.0
0.9940869565217392
1.0
1.0
1.0
0.9954513645906228
1.0017574692442883
1.004561403508772
0.9986028641285365
1.0
1.0
1.0
1.0
1.0
1.0010493179433368
1.0
1.0
1.0
1.0
0.989517819706499
1.0
1.0031779661016949
0.996832101372756
1.0035310734463276
1.0
1.0
1.0
1.0
1.0045742434904996
1.003152364273205
0.9989525139664804
1.0
1.0
1.0038448095071653
1.0034818941504178
1.0
1.0013879250520472
1.0013860013860014
1.0
1.0
1.0017301038062283
0.9968911917098445
0.9961884961884961
1.0045217391304349
1.0034626038781163
1.0
1.0
1.0
1.0
1.0
1.0
1.0
1.0
1.0
1.0006901311249137
1.0017241379310344
1.0
1.002409638554217
1.0030906593406594
1.0
1.0
0.999657651489216
1.0
1.002054794520548
1.001367053998633
1.0
1.0
1.0
1.0
1.0030716723549489
1.0
1.0
1.0020415107179312
1.0
1.0
1.0
1.0
1.0016977928692699
1.0
1.0033898305084745
1.0
1.0
1.0003378378378378
1.0023640661938533
0.9973045822102425
1.0003378378378378
1.0020263424518743
1.0
1.0
1.0030333670374114
1.0016801075268817
1.0013418316001341
1.0056951423785594
0.9973351099267155
1.0
1.0
0.9986639946559787
0.9959866220735786
1.0
1.0
0.9973136333109469
1.0
1.0
1.0
1.0016835016835017
1.0016806722689076
1.0
1.0
1.0
1.0
1.0
1.0
0.9932885906040269
0.9983108108108109
1.0027072758037225
1.0
1.0
1.0040499493756327
0.9989915966386554
1.0
1.0
1.0016823687752354
1.0
1.0
0.9946254618743702
1.0
1.0
1.0
1.0
1.0
1.0
1.0
1.0033772374197907
1.0016829350387075
1.0016801075268817
1.0013418316001341
1.0
1.0
1.0
1.0
1.0
1.0003350083752094
1.001339584728734
1.0
1.0
1.0016722408026757
1.0
1.001669449081803
0.9983333333333333
1.0
1.0
1.0
1.0
1.001669449081803
1.0
1.0
0.9993333333333333
1.0
1.0
1.0006671114076051
1.001
1.0
1.0006660006660006
1.0016638935108153
1.0
1.0
1.0016611295681064
1.0
1.0009950248756219
1.0
1.0
1.0
1.0
1.0
1.0
1.0
1.0006626905235254
0.9990066225165563
1.0
1.0
0.9993370898243288
1.0
1.0009950248756219
0.9996686547382373
1.0
1.0
1.0
0.9993370898243288
1.0009950248756219
1.0006626905235254
1.0009933774834436
0.9973536222295732
1.0
1.0
1.0
0.9996683250414594
1.0
0.9983410749834107
0.998670654702559
1.0
1.0
1.0026622296173044
1.0003318951211417
0.9950232249502322
0.9989996665555185
0.9979973297730307
1.0
1.0
1.0
0.9976588628762542
1.000670465973852
1.001675041876047
0.9976588628762542
1.0
1.0
0.9983238350653705
0.9989926124916051
1.0
1.0
0.9996638655462184
1.0
1.0
1.0
1.0
0.9979825151311366
1.0006738544474394
1.001010101010101
1.0
1.0
0.9989909182643795
1.001010101010101
1.0023545240497813
1.0033557046979866
1.0006688963210701
1.0
1.0
1.0016711229946524
0.998998998998999
1.0006680026720107
1.0010013351134845
0.9996665555185061
1.0
1.0
1.0023348899266178
1.0026622296173044
0.9996681048788583
1.0
0.99933598937583
1.0
1.0
1.0006644518272425
1.00066401062417
1.0003317850033178
1.0
1.0
1.0
1.0
0.9990049751243781
1.00464807436919
1.0013218770654329
1.000990099009901
0.9993405868776789
1.0
1.0
0.998020455295282
1.0
1.0
1.0016528925619834
0.9993399339933994
1.0
1.0
1.000330250990753
1.0003301419610433
0.9976897689768977
1.0
1.0003307972213034
1.0
1.0
0.9976851851851852
1.0009943652635067
0.9966887417218543
1.0
1.0
1.0
1.0
0.9996677740863787
0.998670654702559
0.9966722129783694
0.9986644407345576
1.0020060180541626
1.0
1.0
0.9986653319986654
1.001670564650852
0.9989993328885924
0.998330550918197
1.0010033444816053
1.0
1.0
1.0023387905111927
1.0
1.002
0.9986693280106453
1.0003331112591605
1.0
1.0
0.999000999000999
1.0016666666666667
1.0019966722129783
1.0
1.0
1.0
1.0
0.9996678844237795
1.001328903654485
1.001990710019907
1.0
1.0
1.0
1.0
1.0003311258278145
1.0019860973187686
1.0009910802775024
1.0
1.0013201320132012
1.0
1.0
1.0003295978905735
1.000988467874794
1.000658327847268
0.9983552631578947
0.9976935749588138
1.0
1.0
0.9993394980184941
1.0006609385327165
1.0009907529722588
1.0
1.000329924117453
1.0
1.0
1.0
1.0
0.9996701846965699
1.0
0.9983503794127351
1.0
1.0
0.9980171844018506
0.9983443708609272
1.0016583747927033
0.9970198675496689
1.0
1.0
1.0
1.0003321155762206
0.9956839309428951
1.0010003334444815
1.0009993337774816
1.0
1.0
1.0
1.0
1.0
1.000332778702163
1.0
1.0
1.0
1.0
0.9996673320026613
0.9983361064891847
1.0
1.0
1.0
1.0
1.0
0.9996666666666667
1.0006668889629877
1.000333222259247
1.0016655562958028
1.0
1.0
1.0
1.0026604589291652
1.0006633499170812
0.9996685449121644
0.9980106100795756
1.0
1.0
1.0
1.0016611295681064
1.0
1.0
1.0003316749585407
1.0003315649867375
1.0
1.0
0.9996685449121644
0.9986737400530504
0.999667994687915
1.0003321155762206
0.999667994687915
1.0
1.0
1.0013284623048821
0.9986733001658374
0.9983394221188974
1.0
1.0016633399866932
1.0
1.0
1.0
0.9990036532713384
1.0003324468085106
1.0003323363243604
1.001328903654485
1.0
1.0
1.0009953550099535
1.0006629101756712
0.9996687644915535
1.0006626905235254
1.0
1.0
1.0
0.9996688741721854
1.0016561775422326
0.9996693121693122
1.0
0.9990076083360899
1.0
1.0
1.0006622516556292
0.99933818663137
1.0
0.9993377483443708
0.9990059642147118
1.0
1.0
1.0
1.0
1.0013266998341626
1.001324942033786
1.0016539861065168
1.0
1.0
0.9986789960369881
0.9993386243386243
0.99933818663137
1.0
1.0
1.0
1.0
1.0
0.9996688741721854
1.0016561775422326
1.001984126984127
1.0
1.0
1.0
1.0026402640264027
1.0
1.0023041474654377
1.0
1.0
1.0
1.0
1.0
1.0016420361247949
1.0
1.001639344262295
0.9983633387888707
1.0
1.0
0.9986885245901639
1.0029546946815495
0.9980360065466448
1.0009839291571008
1.0
1.0
1.0
1.0026212319790302
1.0045751633986928
0.9938191281717632
0.9963993453355156
1.0013140604467805
1.0
1.0
1.0
0.9990157480314961
0.9960591133004926
0.9934058687767886
1.0
1.0
1.0
1.0
1.0
0.9980086292731497
0.998004655803126
1.011996001332889
1.0
1.0
1.0
1.0079025353967732
1.0
1.007513884351519
1.0
1.0
1.0
1.0116731517509727
1.0032051282051282
1.0
1.0047923322683705
1.0031796502384738
1.0
1.0
1.5625990491283677
1.0002028397565923
1.0002027986209694
1.0
1.0
1.0
1.0
1.0091240875912408
0.9985935302390999
1.0
1.0022132796780685
1.0
1.0
1.0
0.996988556514756
1.0
0.9979863068868304
1.0010088781275222
1.0020157226365651
1.0
1.0
1.0022128344397505
0.9991971095945403
1.002008838891121
1.0020048115477145
0.9991996798719488
1.0
1.0
0.9981978374048859
0.9969909729187563
0.9975855130784709
1.0030254134731746
1.0030162879549567
1.0
1.0
1.0020048115477145
0.9961984793917567
0.9969873468567986
0.9961724415793715
0.9993933265925177
1.0
1.0
0.9991906110886281
1.0014175779667882
1.0024266936299293
1.0032277587250353
0.9989945706816811
1.0
1.0
1.0042270531400965
1.0030066145520145
0.999400479616307
0.9978004399120176
1.002004008016032
1.0
1.0
1.001
0.999000999000999
0.9984
0.9965945512820513
0.9969849246231156
1.0
1.0
1.0
0.9969758064516129
0.9989888776541962
1.0020242914979758
1.0016161616161616
1.0
1.0
0.9973779749899153
1.0054600606673407
1.0
0.9993966210780371
1.0060374320788892
1.0
1.0
1.0
1.0022004400880176
1.0
1.001996007984032
1.001593625498008
1.0
1.0
1.0
0.997016706443914
1.0003989626969878
1.0003988035892324
1.002591189954156
1.0
1.0
1.0009940357852882
1.0003972194637538
1.0019853087155053
1.0011888250445808
1.001583217890362
1.0
1.0
1.0007903576368307
1.0061204343534058
1.0021585557299844
1.0045036224789505
1.0042884990253411
1.0
1.0
1.0065993788819876
1.0053991515618974
1.000958956655159
1.0024908986395862
1.007454128440367
1.0
1.0
1.0144185164105484
1.0
1.0014961660744344
1.0018674136321195
1.0018639328984156
1.0
1.0
1.0068837209302326
1.0090539541759054
1.0007324665812123
1.0091491308325709
1.0047144152311878
1.0
1.0
1.0077603320700235
1.0
1.0
1.0026862464183381
1.0073227362028934
1.0
1.0
1.0113475177304965
1.0077138849929874
1.000347947112039
1.0013913043478262
1.0
1.0
1.0
1.0
1.001215699895797
1.0
0.9941023417172593
0.9989530622927936
1.0
1.0
0.994235807860262
1.0066760365425158
0.9968586387434555
1.5196078431372548
0.9976958525345622
1.0
1.0
0.9838337182448037
1.0
0.9988262910798122
1.0035252643948296
0.9953161592505855
1.0
1.0
0.9941176470588236
1.0094674556213017
1.0058616647127785
1.008158508158508
1.0115606936416186
1.0
1.0
1.0
0.9942857142857143
1.0103448275862068
1.006825938566553
1.0
1.0
1.0
0.9909604519774011
0.9988597491448119
1.0
1.0
0.997716894977169
1.0
1.0
0.9977116704805492
1.0
1.0
1.0
0.9942660550458715
1.0
1.0
0.9965397923875432
0.9953703703703703
0.9988372093023256
0.9988358556461001
1.0
1.0
1.0
0.9976689976689976
1.0
0.9988317757009346
1.001169590643275
0.9953271028037384
1.0
1.0
0.9976525821596244
0.9952941176470588
0.9988179669030733
1.0
1.0
1.0
1.0
1.0011834319526627
0.9964539007092199
0.9976275207591934
0.9976218787158145
0.99880810488677
1.0
1.0
1.0
0.9976133651551312
1.0023923444976077
0.9964200477326969
1.0
1.0
1.0
1.0
1.0
1.0059880239520957
1.0047619047619047
1.0011848341232228
1.0
1.0
1.0023668639053254
1.0
1.0
0.9988193624557261
0.9929078014184397
1.0
1.0
1.0
0.9976190476190476
0.9988066825775657
0.998805256869773
0.9964114832535885
1.0
1.0
1.0
1.0024009603841537
1.0011976047904192
0.9988038277511961
1.0023952095808384
1.0
1.0
1.0
0.997610513739546
1.0035928143712576
1.003579952267303
1.0023781212841856
1.0
1.0
0.9928825622775801
1.007168458781362
0.9833926453143536
0.9963811821471653
1.0084745762711864
1.0
1.0
0.9939975990396158
1.0132850241545894
1.00238379022646
0.995243757431629
0.98805256869773
1.0
1.0
0.9963724304715841
0.9951456310679612
0.9939024390243902
1.0098159509202453
0.9854191980558931
1.0
1.0
1.0
0.9950678175092479
1.0049566294919454
1.0012330456226881
1.0135467980295567
1.0
1.0
1.0012150668286757
0.9927184466019418
0.9987775061124694
1.0
1.0
1.0
0.9987760097919217
1.0012254901960784
1.003671970624235
0.9914634146341463
0.998769987699877
0.9926108374384236
1.0
1.0
0.9925558312655087
1.0025
1.0037406483790523
0.9937888198757764
1.00875
1.0
1.0
0.9925650557620818
1.0087390761548065
0.995049504950495
1.0037313432835822
0.9938042131350682
1.0
1.0
0.9975062344139651
1.015
1.0024630541871922
0.9963144963144963
1.002466091245376
1.0
1.0
0.995079950799508
1.011124845488257
0.9902200488997555
0.9950617283950617
0.9962779156327544
1.0
1.0
0.9975093399750934
1.0
1.0074906367041199
0.9913258983890955
1.0
1.0
1.0
1.0
1.0
1.0
1.0025
1.0037406483790523
1.0
1.0
1.0
1.0
0.9950310559006211
1.0149812734082397
0.998769987699877
1.0
1.0
1.0036945812807883
1.0
1.0
0.992638036809816
1.0098887515451174
1.0
1.0
0.99265605875153
1.0049321824907522
1.0024539877300613
1.0
1.0048959608323134
1.0
1.0
1.002436053593179
0.9890643985419199
1.0147420147420148
1.0
0.9951573849878934
1.0
1.0
1.0
1.002433090024331
1.0133495145631068
1.007185628742515
0.9964328180737217
1.0
1.0
1.0011933174224343
1.00238379022646
0.9964328180737217
0.9832935560859188
1.0012135922330097
1.0
1.0
0.9987878787878788
1.0
0.9987864077669902
1.008505467800729
0.9987951807228915
1.0
1.0
0.9939686369119421
1.0060679611650485
0.9987937273823885
1.0
1.0060386473429952
1.0
1.0
0.9951980792316927
1.008443908323281
0.9976076555023924
1.0
0.9976019184652278
1.0
1.0
1.0
1.0
1.0
1.0096153846153846
0.9976190476190476
1.0
1.0
0.9976133651551312
1.0035885167464116
1.00238379022646
0.9964328180737217
0.9976133651551312
1.0
1.0
0.9940191387559809
0.9987966305655837
1.0
0.9975903614457832
1.0
1.0
1.0
1.001207729468599
1.0036188178528347
0.9987980769230769
0.9975932611311673
0.9963811821471653
1.0
1.0
0.9987893462469734
1.0048484848484849
0.9975874547647768
1.0060459492140266
1.0024038461538463
1.0
1.0
0.9928057553956835
1.0084541062801933
1.0
0.9988023952095808
0.9964028776978417
1.0
1.0
0.9987966305655837
1.0048192771084337
1.0023980815347722
0.9964114832535885
0.9975990396158463
1.0
1.0
1.0
1.0024067388688327
1.0012004801920769
0.9976019184652278
1.0024038461538463
1.0
1.0
1.001199040767386
1.0035928143712576
1.003579952267303
1.0
1.0011890606420928
1.0
1.0
0.996437054631829
1.0047675804529201
1.0011862396204034
1.0011848341232228
0.9976331360946745
1.0
1.0
0.9976275207591934
1.0011890606420928
0.998812351543943
1.0011890606420928
0.997624703087886
1.0
1.0
0.9976190476190476
1.0011933174224343
1.00238379022646
1.0023781212841856
1.0023724792408066
1.0
1.0
1.0023668639053254
1.0023612750885478
1.0
0.9941107184923439
1.0071090047393365
1.0
1.0
0.9894117647058823
1.0130796670630202
1.005868544600939
1.0023337222870479
0.9976717112922002
1.0
1.0
1.0
1.0070011668611436
0.9930475086906141
0.9976662777129521
0.9941520467836257
1.0
1.0
0.9988235294117647
1.0
1.0094228504122498
0.9941656942823804
0.9988262910798122
1.0
1.0
0.9988249118683902
1.0011764705882353
0.9976498237367802
1.0
1.0023557126030624
1.0
1.0
0.9988249118683902
1.0035294117647058
1.0
0.9953106682297772
1.0047114252061249
1.0
1.0
1.003516998827667
0.9976635514018691
1.0
1.0
1.0011709601873535
1.0
1.0
1.0
1.0023391812865496
1.0
0.9964994165694282
0.9988290398126464
1.0
1.0
0.9976553341148886
1.0035252643948296
1.0035128805620608
0.9976662777129521
0.9976608187134502
1.0
1.0
1.0
1.0023446658851114
1.0023391812865496
1.0011668611435238
0.9976689976689976
1.0
1.0
0.9964953271028038
1.0023446658851114
1.0046783625730995
1.0023282887077998
1.0
1.0
1.0
0.9965156794425087
1.0023310023310024
0.9988372093023256
1.0
0.9965075669383003
1.0
1.0
0.9976635514018691
1.0035128805620608
0.9976662777129521
1.0
0.9988304093567252
1.0
1.0
1.0
1.0
1.0
1.0011709601873535
1.0023391812865496
1.0
1.0
1.0
1.0
1.0
1.0
1.0070011668611436
1.0
1.0
1.0
0.9976825028968713
1.0046457607433217
1.001156069364162
1.0
1.0
1.0
0.9988452655889145
1.001156069364162
0.9988452655889145
0.9965317919075144
0.9988399071925754
1.0
1.0
1.0
1.0034843205574913
1.0
0.9988425925925926
1.0
1.0
1.0
0.9976825028968713
1.0046457607433217
0.9976878612716763
1.0034762456546928
0.9976905311778291
1.0
1.0
1.0023148148148149
1.002309468822171
1.0
0.9988479262672811
0.9976931949250288
1.0
1.0
0.9976878612716763
1.0023174971031286
1.0
0.9976878612716763
0.9976825028968713
1.0
1.0
0.9976771196283392
0.9988358556461001
1.0
1.0
0.9988344988344988
1.0
1.0
1.0035005834305717
1.0011627906976743
1.0023228803716608
0.996523754345307
1.0
1.0
1.0
1.0034883720930232
1.0011587485515643
1.0
0.9988425925925926
1.0
1.0
1.0
0.9976825028968713
0.9976771196283392
1.0034924330616997
1.0
0.9976798143851509
1.0
1.0
1.0023255813953489
0.9976798143851509
1.0
1.0011627906976743
1.0023228803716608
1.0
1.0
0.9988412514484357
1.0034802784222738
1.001156069364162
1.002309468822171
0.9988479262672811
1.0
1.0
1.0
1.0023068050749713
1.001150747986191
0.9988505747126437
0.998849252013809
1.0
1.0
0.9965437788018433
0.9965317919075144
0.9988399071925754
1.0011614401858304
1.0011600928074247
1.0
1.0
1.0023174971031286
1.0
0.9976878612716763
1.0034762456546928
0.9976905311778291
1.0
1.0
0.9976851851851852
1.0
1.0034802784222738
1.0
1.001156069364162
1.0
1.0
0.9988452655889145
1.0023121387283238
1.0
0.9988465974625144
1.002309468822171
1.0
1.0
0.9988479262672811
1.0023068050749713
0.996547756041427
1.0
1.0
1.0
1.0
1.0
1.0
0.9988452655889145
1.0034682080924855
0.9988479262672811
1.0
1.0
0.9976931949250288
1.0034682080924855
1.0011520737327189
0.998849252013809
1.0
1.0
1.0
1.0
1.0023041474654377
1.0
0.9977011494252873
1.0011520737327189
1.0
1.0
1.0
1.001150747986191
1.0022988505747126
0.9988532110091743
0.9977037887485649
1.0
1.0
0.997698504027618
1.0034602076124568
1.0022988505747126
1.0011467889908257
0.995418098510882
1.0
1.0
0.997698504027618
1.0
1.0057670126874279
1.0022935779816513
1.0
1.0
1.0
0.9988558352402745
1.0011454753722795
1.0034324942791761
1.0022805017103762
1.0
1.0
1.0
1.0
1.0022753128555177
1.0
1.0
1.0034052213393871
1.0
1.0
1.0
1.002262443438914
1.002257336343115
0.9921171171171171
1.0011350737797957
1.0
1.0
1.002267573696145
1.0
1.002262443438914
0.9988713318284425
0.9988700564971752
1.0
1.0
1.0
1.001131221719457
1.0
1.001129943502825
1.0011286681715577
1.0
1.0
0.9977452085682075
1.0033898305084745
1.0
1.0011261261261262
1.0
1.0
1.0
1.0
1.0022497187851518
0.9988776655443322
0.998876404494382
1.001124859392576
1.0
1.0
1.002247191011236
0.9966367713004485
1.0033745781777277
0.9988789237668162
1.001122334455668
1.0
1.0
0.9988789237668162
1.001122334455668
1.0
1.001121076233184
1.0
1.0
1.0
1.0
1.002239641657335
1.0011173184357542
1.0033482142857142
1.0
1.0
1.0
1.0
1.003337041156841
1.001108647450111
1.0
1.0011074197120708
1.0
1.0
0.9988938053097345
1.0022148394241417
1.0
0.9977900552486187
0.9988925802879292
1.0
1.0
0.9988913525498891
1.0011098779134295
1.001108647450111
0.9988925802879292
1.001108647450111
1.0
1.0
1.0011074197120708
1.0
1.0011061946902655
1.0022099447513813
1.0011025358324146
1.0
1.0
1.001101321585903
1.0
1.0022002200220022
0.9989023051591658
1.001098901098901
1.0
1.0
1.0032930845225028
1.00109409190372
1.0
1.0010928961748633
0.9989082969432315
1.0
1.0
1.0
1.0010928961748633
1.0010917030567685
0.9989094874591058
0.9989082969432315
1.0
1.0
1.0
1.0
1.0
1.0010928961748633
1.0010917030567685
1.0
1.0
1.0010905125408942
1.0021786492374727
1.001086956521739
1.002171552660152
0.9967497291440953
1.0
1.0
1.0021739130434784
1.0010845986984815
1.0
1.0
1.0021668472372698
1.0
1.0
1.0
1.0021621621621621
1.0
1.0010787486515642
0.9989224137931034
1.0
1.0
1.0010787486515642
1.0010775862068966
1.0
1.0
1.0010764262648009
1.0
1.0
1.0
1.0021505376344086
1.0010729613733906
1.0
1.0010718113612005
1.0
1.0
1.0010706638115632
1.0032085561497326
1.0010660980810235
1.0
1.0010649627263046
1.0
1.0
1.0
1.001063829787234
1.0
1.0010626992561105
1.0021231422505308
1.0
1.0
1.0
1.0010593220338984
1.001058201058201
1.0010570824524312
1.0010559662090812
1.0
1.0
1.0
1.0
1.0
1.001054852320675
1.0010537407797682
1.0
1.0
1.0010526315789474
1.0010515247108307
1.0
1.0
1.0
1.0
1.0
1.0
1.0
1.0010504201680672
1.0010493179433368
1.0
1.0
1.0
1.0
1.00104821802935
1.0010471204188482
1.0
1.0010460251046025
1.0
1.0
1.0
1.0010449320794148
1.001043841336117
1.0
1.0010427528675705
1.0
1.0
1.0010416666666666
1.0010405827263267
1.001039501039501
1.0010384215991692
1.0
1.0
1.0
1.0010373443983402
1.0010362694300519
1.0
1.0
1.0010351966873705
1.0
1.0
1.001034126163392
1.0010330578512396
1.0
1.001031991744066
1.0010309278350515
1.0
1.0
1.0
1.0
1.0010298661174046
1.0
1.0010288065843622
1.0
1.0
1.0
1.0010277492291881
1.0010266940451746
1.001025641025641
1.0010245901639345
1.0
1.0
1.0
1.0010235414534288
1.0010224948875255
1.0
1.0
1.0
1.0
1.0010214504596526
1.0
1.0010204081632652
1.0
1.001019367991845
1.0
1.0
1.0
1.0010183299389002
1.0
1.0010172939979654
1.0
1.0
1.0
1.0010162601626016
1.0
1.0
1.001015228426396
1.0010141987829615
1.0
1.0
1.0010131712259371
1.0010121457489878
1.0010111223458038
1.0
1.0
1.0
1.0
1.001010101010101
1.0
1.0010090817356205
1.0
1.0
1.0
1.0
1.001008064516129
1.001007049345418
1.0
1.0010060362173039
1.0
1.0
1.0
1.0010050251256282
1.0
1.001004016064257
1.0
1.0010030090270812
1.0
1.0
1.0
1.0
1.0
1.0
1.0
1.0
1.0
1.001002004008016
1.0
1.001001001001001
1.0
1.0
1.0
1.0
1.001
1.0
1.000999000999001
1.0
1.0009980039920159
1.0
1.0
1.0
1.0009970089730809
1.0
1.000996015936255
1.0009950248756219
1.0
1.0
1.0
1.0009940357852882
1.0009930486593843
1.0
1.0009920634920635
1.0
1.0
1.0009910802775024
1.000990099009901
1.0
1.0009891196834817
1.0009881422924902
1.0
1.0
1.0
1.0009871668311945
1.0
1.0009861932938855
1.0
1.0
1.0
1.000985221674877
1.000984251968504
1.0
1.0
1.0009832841691249
1.0
1.0
1.0
1.0
1.00098231827112
1.0
1.000981354268891
1.0
1.0
1.0
1.0009803921568627
1.0
1.0
1.0
1.0
1.0
1.000979431929481
1.0009784735812133
1.0
1.0009775171065494
1.0
1.0
1.0
1.0009765625
1.0
1.0009756097560976
1.0009746588693957
1.0
1.0
1.0
1.0009737098344693
1.0
1.0009727626459144
1.0
1.000971817298348
1.0
1.0
1.0
1.0009708737864078
1.0
1.0009699321047527
1.0
1.0
1.0
1.000968992248062
1.0009680542110357
1.0
1.0009671179883946
1.0
1.0
1.0
1.0009661835748793
1.0
1.000965250965251
1.0
1.0009643201542913
1.0
1.0
1.0
1.0009633911368014
1.0
1.0009624639076036
1.0
1.0
1.0
1.0009615384615385
1.0
1.0009606147934678
1.0
1.0009596928982725
1.0
1.0
1.0
1.0009587727708533
1.0009578544061302
1.0
1.000956937799043
1.0
1.0
1.0009560229445507
1.0
1.0009551098376313
1.0009541984732824
1.0
1.0
1.0
1.0009532888465205
1.000952380952381
1.0009514747859183
1.0009505703422052
1.0009496676163343
1.0
1.0
1.0
1.0009487666034156
1.000947867298578
1.0009469696969697
1.0
1.0
1.0
1.0009460737937559
1.0009451795841209
1.0009442870632672
1.0009433962264151
1.000942507068803
1.0
1.0
1.0
1.0009416195856873
1.0
1.0009407337723424
1.0
1.0
1.0
1.0009398496240602
1.0
1.0009389671361502
1.0
1.0009380863039399
1.0
1.0
1.0
1.0009372071227742
1.0
1.000936329588015
1.0
1.0
1.0
1.000935453695042
1.0
1.0009345794392523
1.0
1.0009337068160598
1.0
1.0
1.0
1.0
1.0009328358208955
1.0009319664492078
1.0
1.0
1.0
1.0
1.0
1.000931098696462
1.0
1.0009302325581395
1.0
1.0
1.0009293680297398
1.0
1.0
1.000928505106778
1.0
1.0
1.0
1.0009276437847867
1.0
1.0009267840593141
1.0
1.000925925925926
1.0
1.0
1.0
1.0009250693802034
1.0
1.0009242144177448
1.0009233610341643
1.0
1.0
1.0
1.0009225092250922
1.0
1.0009216589861751
1.0
1.0
1.0
1.0009208103130756
1.0
1.000919963201472
1.0009191176470589
1.0
1.0009182736455464
1.0
1.0027522935779816
1.0018298261665142
1.0073059360730594
1.0
1.0
1.0
1.0
1.069809610154125
1.0042372881355932
1.0042194092827004
1.0
1.0
1.0
1.0
1.0705882352941176
1.0047095761381475
1.0
1.075
1.0218023255813953
1.0
1.0
1.0177809388335703
1.0013976240391336
1.0474528960223308
0.9966688874083944
0.9946524064171123
1.0
1.0
0.9979838709677419
0.9986531986531987
1.0053944706675657
0.9986586183769283
1.0013431833445265
1.0
1.0
1.0127431254191817
1.013907284768212
0.9934683213585892
1.009861932938856
1.0026041666666667
1.0
1.0
1.0032467532467533
0.9980582524271845
0.9824902723735408
1.017161716171617
0.990914990266061
1.0
1.0
0.9960707269155207
0.9993425378040762
1.0085526315789475
0.9980430528375733
0.9862745098039216
1.0
1.0
0.9847581179589132
1.003364737550471
1.0
0.9906103286384976
1.0
1.0
1.0
1.006093432633717
1.0087483176312249
0.9953302201467645
0.9886058981233244
1.0094915254237289
1.0
1.0
1.004701141705843
1.0080213903743316
1.0
0.9960212201591512
0.9893475366178429
1.0
1.0
1.006056527590848
1.0013377926421405
1.0153640614562458
0.9914473684210526
0.9993364299933643
1.0
1.0
1.00398406374502
0.9986772486772487
1.0006622516556292
0.9768365320979484
1.0020325203252032
1.0
1.0
0.9925625422582827
0.9925068119891008
0.9993136582017845
0.9951923076923077
1.010351966873706
1.0
1.0
1.0068306010928962
0.9972862957937585
1.0013605442176872
0.9972826086956522
0.9959128065395095
1.0
1.0
0.9965800273597811
0.9945092656142759
1.0013802622498276
0.988973121984838
0.9986062717770035
1.0
1.0
1.0076762037683182
0.9986149584487535
0.9937586685159501
0.9958129797627355
1.0014015416958655
1.0
1.0
1.0
1.0
1.020293911826452
0.9849108367626886
0.9916434540389972
1.0
1.0
1.0140449438202248
1.0083102493074791
0.9938186813186813
0.9861782999308915
1.0
1.0
1.0
1.0021023125437982
1.0118881118881118
0.9847961299239807
1.0007017543859649
1.0014025245441796
1.0
1.0
1.0028011204481793
0.9972067039106145
0.9915966386554622
1.0014124293785311
0.9978843441466855
1.0
1.0
0.992226148409894
1.0092592592592593
1.008468595624559
1.00629811056683
0.9958275382475661
1.0
1.0
1.0062849162011174
1.008327550312283
1.0068823124569855
1.0123034859876965
1.0054017555705603
1.0
1.0
0.9949630624580256
1.006547418157273
1.0020788626609443
1.012514220705347
1.0122934567085262
1.0
1.0
1.0062679550796552
1.0049312224240852
0.9912835743801653
0.9988927245489481
1.000586854460094
1.0
1.0
1.0058651026392962
0.9991577583414318
1.0025288548826352
0.9934674341892503
0.9956380208333333
1.0
1.0
1.001634734846008
1.0038516777647213
1.0000650321909346
1.0001300559240474
0.9953185955786736
1.0
1.0
1.0024823621635746
0.9991528737130196
1.0015652514185092
1.002539558507521
1.0
1.0
1.0
1.0002598077422706
1.0020779220779221
1.0009072058061173
1.0009063835297165
0.9955368693402329
1.0
1.0
0.9899941524267429
1.0061035636936404
1.0012393998695368
0.9979151736269464
0.9915126983090684
1.0
1.0
0.9996707710541911
1.0011856145435385
0.9998026315789473
0.9941435809699283
1.0007942811755361
1.0
1.0
1.0003968253968254
1.004892238529684
1.0007894736842105
1.0005916381803839
1.0017738650548584
1.0
1.0
1.0063614900314795
1.0099055066797002
1.004387946054075
1.0091230324445872
0.9989176800152798
1.0
1.0
1.007329509241555
0.9978487820310028
1.0138228393887514
1.0005003439864908
0.9996249296743139
1.0
1.0
1.0020636608092053
1.014665501747379
1.0100867212005658
1.0045667661206843
1.014062310583101
1.0
1.0
1.052062163777645
1.013351514118516
0.9923749719668087
0.998135593220339
0.992754853682006
1.0
1.0
0.9950396259763955
0.9969630987852395
1.0052876602103569
1.004688125321594
1.0062596027997497
1.0
1.0
1.0061075609342307
1.0014052048788713
0.9994948361023799
1.00185320379626
0.9978139013452915
1.0
1.0
0.9998314701421268
0.9979773008203169
0.9976354014187592
0.9952595936794583
0.9940462689952371
1.0
1.0
0.9999429581883521
1.0015402167712493
1.0026200375918437
1.0039197864000455
1.0019805341783612
1.0
1.0
0.9990964025526627
1.0006783110055961
0.9991526859854262
0.9991519674355496
1.0028291744468965
1.0
1.0
1.0009592055521075
0.9937429537767757
0.9877474615690056
0.9956928731407569
0.9921559580113046
1.0
1.0
0.9976746889896524
1.0047197296352406
1.005799454851244
0.9945222856483884
0.9968692022263451
1.0
1.0
0.9991276026520879
1.0054717969614064
0.9987842297226885
1.001217250173893
0.9991315926590633
1.0
1.0
1.0031869278015992
1.0025992029111073
1.0063947459384721
0.9989123590360066
0.9993123209169055
1.0
1.0
0.9990251175593531
1.0014924516388266
0.9980512409010145
1.0052834089473381
0.9997143673236218
1.0
1.0
1.0080571428571428
0.9999433138710957
1.000453514739229
1.0054963735267453
1.0069878839109607
1.0
1.0
1.001119256813476
1.0003913019173793
1.0010616897630755
1.0005023723137036
1.000167373354162
1.0
1.0
1.0027333073018352
1.003671562082777
1.0047112293537301
1.0076681193799304
0.99381364283368
1.0
1.0
0.9969701977634551
0.996242678749033
1.0030504714364947
1.0054741498479403
0.9946656401231853
1.0
1.0
1.0048653729197767
1.0046767537826684
0.9999452354874042
0.9993975573689687
1.0001096010521702
1.0
1.0
1.0029041095890412
0.9992897339234005
1.0010934937124112
1.0015292190060077
1.001745010360999
1.0
1.0
1.000326619488296
0.9999455811928603
0.9996190476190476
0.9956990418118467
1.0
1.0
1.0
1.0044288916835256
1.0100707675557974
1.000754513608192
1.0
1.0
1.0
1.0
1.0031773385750444
1.0020936225037578
1.0045534901162478
1.0
1.0
1.0
1.0
1.0157849829351535
1.0097648047039058
1.004783196423001
1.0097278277967505
1.0179358409347135
1.013491743858236
1.0
1.0142559109874827
0.9996571820363387
1.002400548696845
1.053907433654269
0.9782507883509554
1.0
1.0
0.9834557952121357
1.0243420418393907
1.005364453437485
0.9938684764802248
0.9806442497880756
1.0
1.0
1.0087883590260769
1.0267542606874227
1.0069547477744807
0.9893176167234552
1.0084706320394674
1.0
1.0
0.9996307919512646
1.0138042474607571
1.0050093355799445
0.9984140649780233
1.001406916583462
1.0
1.0
0.992159528665307
0.9905901699250869
1.0105136954717329
0.9864013872410332
1.00309955588453
1.0
1.0
0.9982013559009363
0.9984291258547403
1.0024988431281814
0.999261447562777
0.9923318551367332
1.0
1.0
1.0011172144120657
0.9893518087975449
0.9999060017859661
1.0040893066980023
0.9940548637767999
0.98483635507417
1.0
1.0
1.0
1.0034428346004878
0.9929949964260186
0.9917458489298397
1.0
1.0
0.997580567115068
1.002861854870004
1.0024183796856105
0.9816164053075997
0.9967558002359417
1.0
1.0
1.0017260084820987
0.9953724216019298
0.9971314110490131
1.0058032835672834
0.9977315317092416
1.0
1.0
0.9944147884539342
1.0071077091306724
0.9936334024281909
1.0002980181791088
0.9928993495208303
1.0
1.0
1.010502100420084
1.002375532020192
0.9991112866594254
0.9928839691638662
0.9968644236512044
1.0
1.0
0.996455140046932
0.9952901092293817
0.9992448650825615
1.007053252053
0.9958977437590675
1.0
1.0
1.0153714773697695
0.9816454756839657
0.9993448241104728
0.9911241111503354
1.001730015773673
1.0
1.0
1.0008127190531824
0.998223620768411
0.991203986170429
0.9942036419594767
0.9913321638633784
1.0
1.0
0.9982304569584678
0.9969238790406674
1.014591287066576
0.9994329896907217
1.0023209036051368
1.0
1.0
1.0
1.0
1.0013893176906452
0.988335645650275
1.001663720494957
1.0
1.0
0.9997404754489774
0.9992731426198017
1.0066503870733101
1.0112
1.0008166598611679
1.0
1.0
1.003671970624235
1.0040142276422763
0.997165848474113
0.9957366898441862
1.0047403027677253
1.0
1.0
1.0038555194805194
1.0
1.0044976753588033
1.002213613724405
1.0043170523568095
1.0
1.0
0.9931024141550457
0.9990437364739041
0.9978337531486146
0.9935881254102086
1.0072662601626017
1.0
1.0
1.0054986631690461
1.0037627934978928
1.0019993002449143
0.999052227265925
0.9969542640303574
1.0
1.0
0.9879801672760053
1.000760379175749
1.0008611082970318
1.0021256136444152
1.012625624968436
1.0
1.0
0.9992519076355294
1.0002495508085447
1.0005987725163414
1.0
1.0
1.0
1.0
0.9963097790854236
1.003453626307623
1.0055367118914604
0.9981149858623942
1.000149097957358
1.0
1.0
0.9998012323593719
0.9961729622266402
1.0001496781918873
0.9947121620273371
0.9943831494483449
1.0
1.0
0.9997982650796853
0.9975786924939468
1.001567556634304
0.9986368455596507
1.0035389282103135
1.0
1.0
1.002367758186398
1.0028144946474342
0.9994988222322457
0.9972922830065687
1.0034692543617076
1.0
1.0
0.9920332698667201
1.0059093893630993
1.0006025306286401
0.9998996386993175
0.9925223326307338
1.0
1.0
0.9941851645851241
0.9997965618960432
0.9996947807508394
0.9997964583757378
0.9952666938110749
1.0
1.0
0.9962669394016875
0.9954316805256135
0.9997421750116021
0.9948421704146895
1.0
1.0
1.0
1.0034218166735793
1.0034618166787228
1.005200556099068
1.002509988730663
0.9969342394359001
1.0
1.0
1.0032289477730512
1.0002043527127822
1.0013790989886606
1.0004080591685796
1.0040279406516086
1.0
1.0
0.994566321348771
1.0013786060760788
0.996124821537834
0.9967239967239967
1.0002567789646672
1.0
1.0
1.0051342609231402
0.9992848751085457
0.9998466492869192
1.000715746421268
0.9974455910902217
1.0
1.0
0.9993341528375334
0.9984624058223566
0.9987680303885837
0.9936783676825821
0.9993793317471811
1.0
1.0
1.0007245626746715
0.9971555647496897
1.0025413619625538
0.9965856182100361
1.0002076411960135
1.0
1.0
0.9943429520448411
1.0009917010282374
0.9998957138387736
0.9989570296203588
0.9996345792441012
1.0
1.0
0.9993733354222152
0.9996342164393583
1.0030841610036592
1.0060451300224087
0.9972027972027971
1.0
1.0
0.9998441639395357
0.9967269326683292
0.996247068021892
0.9974362999005912
0.9991607217792698
1.0
1.0
0.998687526249475
0.9990012090627135
1.0006840665123131
1.004417100489036
0.9981152819224125
1.0
1.0
0.9994230264883294
0.9992652461425422
1.0001050420168067
0.9998424535237895
1.0006828089710595
1.0
1.0
1.0
1.0005248792777661
1.0011016682404785
1.001362469213436
1.016955361348056
1.0
1.0
1.0078732053723047
0.9997447156131931
0.9957611970788008
1.0033849625602627
1.0004089143324475
1.0
1.0
0.9943286327406499
0.9992806125070655
1.0034452614799196
1.0068156195551912
0.999440118084186
1.0
1.0
1.0014768792014666
1.002745995423341
1.003854150819007
0.9915130083354382
1.0038722168441434
1.0
1.0
1.0001522610769933
0.9994925403430428
1.004721770917953
0.9978270756480873
0.9996454978223438
1.0
1.0
0.9902730634783931
0.9989256663426612
1.0011267028577282
1.0102823818293432
0.9988353840700794
1.0
1.0
0.9994423603366116
1.0004057823991883
0.9925974750291539
0.9958624916994432
0.9991793188346327
1.0
1.0
0.9976386036960986
1.0037563033858188
1.0006151637873584
1.0033813207643834
1.0
