0.0
0.0
0.0
0.0
0.0
0.00104931794334
0.0
0.0
0.0
0.0
-0.0104821802935
0.0
0.00317796610169
-0.00316789862724
0.00353107344633
0.0
0.0
0.0
0.0
0.0045742434905
0.0031523642732
-0.00104748603352
0.0
0.0
0.00384480950717
0.00348189415042
0.0
0.00138792505205
0.001386001386
0.0
0.0
0.00173010380623
-0.00310880829016
-0.0038115038115
0.00452173913043
0.00346260387812
0.0
0.0
0.0
0.0
0.0
0.0
0.0
0.0
0.0
0.000690131124914
0.00172413793103
0.0
0.00240963855422
0.00309065934066
0.0
0.0
-0.000342348510784
0.0
0.00205479452055
0.00136705399863
0.0
0.0
0.0
0.0
0.00307167235495
0.0
0.0
0.00204151071793
0.0
0.0
0.0
0.0
0.00169779286927
0.0
0.00338983050847
0.0
0.0
0.000337837837838
0.00236406619385
-0.00269541778976
0.000337837837838
0.00202634245187
0.0
0.0
0.00303336703741
0.00168010752688
0.00134183160013
0.00569514237856
-0.00266489007328
0.0
0.0
-0.00133600534402
-0.00401337792642
0.0
0.0
-0.00268636668905
0.0
0.0
0.0
0.0016835016835
0.00168067226891
0.0
0.0
0.0
0.0
0.0
0.0
-0.00671140939597
-0.00168918918919
0.00270727580372
0.0
0.0
0.00404994937563
-0.00100840336134
0.0
0.0
0.00168236877524
0.0
0.0
-0.00537453812563
0.0
0.0
0.0
0.0
0.0
0.0
0.0
0.00337723741979
0.00168293503871
0.00168010752688
0.00134183160013
0.0
0.0
0.0
0.0
0.0
0.000335008375209
0.00133958472873
0.0
0.0
0.00167224080268
0.0
0.0016694490818
-0.00166666666667
0.0
0.0
0.0
0.0
0.0016694490818
0.0
0.0
-0.000666666666667
0.0
0.0
0.000667111407605
0.001
0.0
0.000666000666001
0.00166389351082
0.0
0.0
0.00166112956811
0.0
0.000995024875622
0.0
0.0
0.0
0.0
0.0
0.0
0.0
0.000662690523525
-0.000993377483444
0.0
0.0
-0.000662910175671
0.0
0.000995024875622
-0.000331345261763
0.0
0.0
0.0
-0.000662910175671
0.000995024875622
0.000662690523525
0.000993377483444
-0.00264637777043
0.0
0.0
0.0
-0.000331674958541
0.0
-0.00165892501659
-0.00132934529744
0.0
0.0
0.0026622296173
0.000331895121142
-0.00497677504977
-0.00100033344448
-0.00200267022697
0.0
0.0
0.0
-0.00234113712375
0.000670465973852
0.00167504187605
-0.00234113712375
0.0
0.0
-0.00167616493463
-0.00100738750839
0.0
0.0
-0.000336134453782
0.0
0.0
0.0
0.0
-0.00201748486886
0.000673854447439
0.0010101010101
0.0
0.0
-0.00100908173562
0.0010101010101
0.00235452404978
0.00335570469799
0.00066889632107
0.0
0.0
0.00167112299465
-0.001001001001
0.000668002672011
0.00100133511348
-0.000333444481494
0.0
0.0
0.00233488992662
0.0026622296173
-0.000331895121142
0.0
-0.00066401062417
0.0
0.0
0.000664451827243
0.00066401062417
0.000331785003318
0.0
0.0
0.0
0.0
-0.000995024875622
0.00464807436919
0.00132187706543
0.000990099009901
-0.000659413122321
0.0
0.0
-0.00197954470472
0.0
0.0
0.00165289256198
-0.000660066006601
0.0
0.0
0.000330250990753
0.000330141961043
-0.0023102310231
0.0
0.000330797221303
0.0
0.0
-0.00231481481481
0.000994365263507
-0.00331125827815
0.0
0.0
0.0
0.0
-0.000332225913621
-0.00132934529744
-0.00332778702163
-0.00133555926544
0.00200601805416
0.0
0.0
-0.00133466800133
0.00167056465085
-0.00100066711141
-0.0016694490818
0.00100334448161
0.0
0.0
0.00233879051119
0.0
0.002
-0.00133067198935
0.00033311125916
0.0
0.0
-0.000999000999001
0.00166666666667
0.00199667221298
0.0
0.0
0.0
0.0
-0.00033211557622
0.00132890365449
0.00199071001991
0.0
0.0
0.0
0.0
0.000331125827814
0.00198609731877
0.000991080277502
0.0
0.0013201320132
0.0
0.0
0.000329597890574
0.000988467874794
0.000658327847268
-0.00164473684211
-0.00230642504119
0.0
0.0
-0.000660501981506
0.000660938532717
0.000990752972259
0.0
0.000329924117453
0.0
0.0
0.0
0.0
-0.00032981530343
0.0
-0.00164962058726
0.0
0.0
-0.00198281559815
-0.00165562913907
0.0016583747927
-0.00298013245033
0.0
0.0
0.0
0.000332115576221
-0.0043160690571
0.00100033344448
0.000999333777482
0.0
0.0
0.0
0.0
0.0
0.000332778702163
0.0
0.0
0.0
0.0
-0.000332667997339
-0.00166389351082
0.0
0.0
0.0
0.0
0.0
-0.000333333333333
0.000666888962988
0.000333222259247
0.0016655562958
0.0
0.0
0.0
0.00266045892917
0.000663349917081
-0.000331455087836
-0.00198938992042
0.0
0.0
0.0
0.00166112956811
0.0
0.0
0.000331674958541
0.000331564986737
0.0
0.0
-0.000331455087836
-0.00132625994695
-0.000332005312085
0.000332115576221
-0.000332005312085
0.0
0.0
0.00132846230488
-0.00132669983416
-0.0016605778811
0.0
0.00166333998669
0.0
0.0
0.0
-0.000996346728662
0.000332446808511
0.00033233632436
0.00132890365449
0.0
0.0
0.000995355009954
0.000662910175671
-0.000331235508446
0.000662690523525
0.0
0.0
0.0
-0.000331125827815
0.00165617754223
-0.000330687830688
0.0
-0.00099239166391
0.0
0.0
0.000662251655629
-0.00066181336863
0.0
-0.000662251655629
-0.000994035785288
0.0
0.0
0.0
0.0
0.00132669983416
0.00132494203379
0.00165398610652
0.0
0.0
-0.00132100396301
-0.000661375661376
-0.00066181336863
0.0
0.0
0.0
0.0
0.0
-0.000331125827815
0.00165617754223
0.00198412698413
0.0
0.0
0.0
0.0026402640264
0.0
0.00230414746544
0.0
0.0
0.0
0.0
0.0
0.00164203612479
0.0
0.0016393442623
-0.00163666121113
0.0
0.0
-0.00131147540984
0.00295469468155
-0.00196399345336
0.000983929157101
0.0
0.0
0.0
0.00262123197903
0.00457516339869
-0.00618087182824
-0.00360065466448
0.00131406044678
0.0
0.0
0.0
-0.000984251968504
-0.00394088669951
-0.00659413122321
0.0
0.0
0.0
0.0
0.0
-0.00199137072685
-0.00199534419687
0.0119960013329
0.0
0.0
0.0
0.00790253539677
0.0
0.00751388435152
0.0
0.0
0.0
0.011673151751
0.00320512820513
0.0
0.00479233226837
0.00317965023847
0.0
0.0
0.562599049128
0.000202839756592
0.000202798620969
0.0
0.0
0.0
0.0
0.00912408759124
-0.0014064697609
0.0
0.00221327967807
0.0
0.0
0.0
-0.00301144348524
0.0
-0.00201369311317
0.00100887812752
0.00201572263657
0.0
0.0
0.00221283443975
-0.00080289040546
0.00200883889112
0.00200481154771
-0.000800320128051
0.0
0.0
-0.00180216259511
-0.00300902708124
-0.00241448692153
0.00302541347317
0.00301628795496
0.0
0.0
0.00200481154771
-0.00380152060824
-0.0030126531432
-0.00382755842063
-0.000606673407482
0.0
0.0
-0.000809388911372
0.00141757796679
0.00242669362993
0.00322775872504
-0.00100542931832
0.0
0.0
0.0042270531401
0.00300661455201
-0.000599520383693
-0.00219956008798
0.00200400801603
0.0
0.0
0.001
-0.000999000999001
-0.0016
-0.00340544871795
-0.00301507537688
0.0
0.0
0.0
-0.00302419354839
-0.0010111223458
0.00202429149798
0.00161616161616
0.0
0.0
-0.00262202501008
0.00546006066734
0.0
-0.000603378921963
0.00603743207889
0.0
0.0
0.0
0.00220044008802
0.0
0.00199600798403
0.00159362549801
0.0
0.0
0.0
-0.00298329355609
0.000398962696988
0.000398803589232
0.00259118995416
0.0
0.0
0.000994035785288
0.000397219463754
0.00198530871551
0.00118882504458
0.00158321789036
0.0
0.0
0.000790357636831
0.00612043435341
0.00215855572998
0.00450362247895
0.00428849902534
0.0
0.0
0.00659937888199
0.0053991515619
0.000958956655159
0.00249089863959
0.00745412844037
0.0
0.0
0.0144185164105
0.0
0.00149616607443
0.00186741363212
0.00186393289842
0.0
0.0
0.00688372093023
0.00905395417591
0.000732466581212
0.00914913083257
0.00471441523119
0.0
0.0
0.00776033207002
0.0
0.0
0.00268624641834
0.00732273620289
0.0
0.0
0.0113475177305
0.00771388499299
0.000347947112039
0.00139130434783
0.0
0.0
0.0
0.0
0.0012156998958
0.0
-0.00589765828274
-0.00104693770721
0.0
0.0
-0.00576419213974
0.00667603654252
-0.00314136125654
0.519607843137
-0.00230414746544
0.0
0.0
-0.0161662817552
0.0
-0.00117370892019
0.00352526439483
-0.00468384074941
0.0
0.0
-0.00588235294118
0.0094674556213
0.00586166471278
0.00815850815851
0.0115606936416
0.0
0.0
0.0
-0.00571428571429
0.0103448275862
0.00682593856655
0.0
0.0
0.0
-0.0090395480226
-0.00114025085519
0.0
0.0
-0.00228310502283
0.0
0.0
-0.00228832951945
0.0
0.0
0.0
-0.00573394495413
0.0
0.0
-0.00346020761246
-0.00462962962963
-0.00116279069767
-0.0011641443539
0.0
0.0
0.0
-0.002331002331
0.0
-0.00116822429907
0.00116959064327
-0.00467289719626
0.0
0.0
-0.00234741784038
-0.00470588235294
-0.00118203309693
0.0
0.0
0.0
0.0
0.00118343195266
-0.00354609929078
-0.00237247924081
-0.00237812128419
-0.00119189511323
0.0
0.0
0.0
-0.00238663484487
0.00239234449761
-0.0035799522673
0.0
0.0
0.0
0.0
0.0
0.0059880239521
0.0047619047619
0.00118483412322
0.0
0.0
0.00236686390533
0.0
0.0
-0.00118063754427
-0.00709219858156
0.0
0.0
0.0
-0.00238095238095
-0.00119331742243
-0.00119474313023
-0.00358851674641
0.0
0.0
0.0
0.00240096038415
0.00119760479042
-0.0011961722488
0.00239520958084
0.0
0.0
0.0
-0.00238948626045
0.00359281437126
0.0035799522673
0.00237812128419
0.0
0.0
-0.00711743772242
0.00716845878136
-0.0166073546856
-0.00361881785283
0.00847457627119
0.0
0.0
-0.00600240096038
0.0132850241546
0.00238379022646
-0.00475624256837
-0.0119474313023
0.0
0.0
-0.00362756952842
-0.00485436893204
-0.00609756097561
0.00981595092025
-0.0145808019441
0.0
0.0
0.0
-0.00493218249075
0.00495662949195
0.00123304562269
0.0135467980296
0.0
0.0
0.00121506682868
-0.00728155339806
-0.00122249388753
0.0
0.0
0.0
-0.00122399020808
0.00122549019608
0.00367197062423
-0.00853658536585
-0.00123001230012
-0.00738916256158
0.0
0.0
-0.00744416873449
0.0025
0.00374064837905
-0.00621118012422
0.00875
0.0
0.0
-0.00743494423792
0.00873907615481
-0.0049504950495
0.00373134328358
-0.00619578686493
0.0
0.0
-0.00249376558603
0.015
0.00246305418719
-0.0036855036855
0.00246609124538
0.0
0.0
-0.00492004920049
0.0111248454883
-0.00977995110024
-0.00493827160494
-0.00372208436725
0.0
0.0
-0.00249066002491
0.0
0.00749063670412
-0.0086741016109
0.0
0.0
0.0
0.0
0.0
0.0
0.0025
0.00374064837905
0.0
0.0
0.0
0.0
-0.00496894409938
0.0149812734082
-0.00123001230012
0.0
0.0
0.00369458128079
0.0
0.0
-0.00736196319018
0.00988875154512
0.0
0.0
-0.00734394124847
0.00493218249075
0.00245398773006
0.0
0.00489596083231
0.0
0.0
0.00243605359318
-0.0109356014581
0.014742014742
0.0
-0.00484261501211
0.0
0.0
0.0
0.00243309002433
0.0133495145631
0.00718562874251
-0.00356718192628
0.0
0.0
0.00119331742243
0.00238379022646
-0.00356718192628
-0.0167064439141
0.00121359223301
0.0
0.0
-0.00121212121212
0.0
-0.00121359223301
0.00850546780073
-0.00120481927711
0.0
0.0
-0.00603136308806
0.00606796116505
-0.00120627261761
0.0
0.006038647343
0.0
0.0
-0.00480192076831
0.00844390832328
-0.00239234449761
0.0
-0.00239808153477
0.0
0.0
0.0
0.0
0.0
0.00961538461538
-0.00238095238095
0.0
0.0
-0.00238663484487
0.00358851674641
0.00238379022646
-0.00356718192628
-0.00238663484487
0.0
0.0
-0.00598086124402
-0.00120336943442
0.0
-0.00240963855422
0.0
0.0
0.0
0.0012077294686
0.00361881785283
-0.00120192307692
-0.00240673886883
-0.00361881785283
0.0
0.0
-0.00121065375303
0.00484848484848
-0.00241254523522
0.00604594921403
0.00240384615385
0.0
0.0
-0.00719424460432
0.00845410628019
0.0
-0.00119760479042
-0.00359712230216
0.0
0.0
-0.00120336943442
0.00481927710843
0.00239808153477
-0.00358851674641
-0.00240096038415
0.0
0.0
0.0
0.00240673886883
0.00120048019208
-0.00239808153477
0.00240384615385
0.0
0.0
0.00119904076739
0.00359281437126
0.0035799522673
0.0
0.00118906064209
0.0
0.0
-0.00356294536817
0.00476758045292
0.0011862396204
0.00118483412322
-0.00236686390533
0.0
0.0
-0.00237247924081
0.00118906064209
-0.00118764845606
0.00118906064209
-0.00237529691211
0.0
0.0
-0.00238095238095
0.00119331742243
0.00238379022646
0.00237812128419
0.00237247924081
0.0
0.0
0.00236686390533
0.00236127508855
0.0
-0.00588928150766
0.00710900473934
0.0
0.0
-0.0105882352941
0.013079667063
0.00586854460094
0.00233372228705
-0.0023282887078
0.0
0.0
0.0
0.00700116686114
-0.00695249130939
-0.00233372228705
-0.00584795321637
0.0
0.0
-0.00117647058824
0.0
0.00942285041225
-0.00583430571762
-0.00117370892019
0.0
0.0
-0.00117508813161
0.00117647058824
-0.00235017626322
0.0
0.00235571260306
0.0
0.0
-0.00117508813161
0.00352941176471
0.0
-0.00468933177022
0.00471142520612
0.0
0.0
0.00351699882767
-0.00233644859813
0.0
0.0
0.00117096018735
0.0
0.0
0.0
0.00233918128655
0.0
-0.00350058343057
-0.00117096018735
0.0
0.0
-0.00234466588511
0.00352526439483
0.00351288056206
-0.00233372228705
-0.00233918128655
0.0
0.0
0.0
0.00234466588511
0.00233918128655
0.00116686114352
-0.002331002331
0.0
0.0
-0.0035046728972
0.00234466588511
0.0046783625731
0.0023282887078
0.0
0.0
0.0
-0.00348432055749
0.002331002331
-0.00116279069767
0.0
-0.0034924330617
0.0
0.0
-0.00233644859813
0.00351288056206
-0.00233372228705
0.0
-0.00116959064327
0.0
0.0
0.0
0.0
0.0
0.00117096018735
0.00233918128655
0.0
0.0
0.0
0.0
0.0
0.0
0.00700116686114
0.0
0.0
0.0
-0.00231749710313
0.00464576074332
0.00115606936416
0.0
0.0
0.0
-0.00115473441109
0.00115606936416
-0.00115473441109
-0.00346820809249
-0.00116009280742
0.0
0.0
0.0
0.00348432055749
0.0
-0.00115740740741
0.0
0.0
0.0
-0.00231749710313
0.00464576074332
-0.00231213872832
0.00347624565469
-0.00230946882217
0.0
0.0
0.00231481481481
0.00230946882217
0.0
-0.00115207373272
-0.00230680507497
0.0
0.0
-0.00231213872832
0.00231749710313
0.0
-0.00231213872832
-0.00231749710313
0.0
0.0
-0.00232288037166
-0.0011641443539
0.0
0.0
-0.0011655011655
0.0
0.0
0.00350058343057
0.00116279069767
0.00232288037166
-0.00347624565469
0.0
0.0
0.0
0.00348837209302
0.00115874855156
0.0
-0.00115740740741
0.0
0.0
0.0
-0.00231749710313
-0.00232288037166
0.0034924330617
0.0
-0.00232018561485
0.0
0.0
0.00232558139535
-0.00232018561485
0.0
0.00116279069767
0.00232288037166
0.0
0.0
-0.00115874855156
0.00348027842227
0.00115606936416
0.00230946882217
-0.00115207373272
0.0
0.0
0.0
0.00230680507497
0.00115074798619
-0.00114942528736
-0.00115074798619
0.0
0.0
-0.00345622119816
-0.00346820809249
-0.00116009280742
0.00116144018583
0.00116009280742
0.0
0.0
0.00231749710313
0.0
-0.00231213872832
0.00347624565469
-0.00230946882217
0.0
0.0
-0.00231481481481
0.0
0.00348027842227
0.0
0.00115606936416
0.0
0.0
-0.00115473441109
0.00231213872832
0.0
-0.00115340253749
0.00230946882217
0.0
0.0
-0.00115207373272
0.00230680507497
-0.00345224395857
0.0
0.0
0.0
0.0
0.0
0.0
-0.00115473441109
0.00346820809249
-0.00115207373272
0.0
0.0
-0.00230680507497
0.00346820809249
0.00115207373272
-0.00115074798619
0.0
0.0
0.0
0.0
0.00230414746544
0.0
-0.00229885057471
0.00115207373272
0.0
0.0
0.0
0.00115074798619
0.00229885057471
-0.00114678899083
-0.00229621125144
0.0
0.0
-0.00230149597238
0.00346020761246
0.00229885057471
0.00114678899083
-0.00458190148912
0.0
0.0
-0.00230149597238
0.0
0.00576701268743
0.00229357798165
0.0
0.0
0.0
-0.00114416475973
0.00114547537228
0.00343249427918
0.00228050171038
0.0
0.0
0.0
0.0
0.00227531285552
0.0
0.0
0.00340522133939
0.0
0.0
0.0
0.00226244343891
0.00225733634312
-0.00788288288288
0.0011350737798
0.0
0.0
0.00226757369615
0.0
0.00226244343891
-0.00112866817156
-0.00112994350282
0.0
0.0
0.0
0.00113122171946
0.0
0.00112994350282
0.00112866817156
0.0
0.0
-0.00225479143179
0.00338983050847
0.0
0.00112612612613
0.0
0.0
0.0
0.0
0.00224971878515
-0.00112233445567
-0.00112359550562
0.00112485939258
0.0
0.0
0.00224719101124
-0.00336322869955
0.00337457817773
-0.00112107623318
0.00112233445567
0.0
0.0
-0.00112107623318
0.00112233445567
0.0
0.00112107623318
0.0
0.0
0.0
0.0
0.00223964165733
0.00111731843575
0.00334821428571
0.0
0.0
0.0
0.0
0.00333704115684
0.00110864745011
0.0
0.00110741971207
0.0
0.0
-0.00110619469027
0.00221483942414
0.0
-0.00220994475138
-0.00110741971207
0.0
0.0
-0.00110864745011
0.00110987791343
0.00110864745011
-0.00110741971207
0.00110864745011
0.0
0.0
0.00110741971207
0.0
0.00110619469027
0.00220994475138
0.00110253583241
0.0
0.0
0.0011013215859
0.0
0.002200220022
-0.00109769484083
0.0010989010989
0.0
0.0
0.0032930845225
0.00109409190372
0.0
0.00109289617486
-0.00109170305677
0.0
0.0
0.0
0.00109289617486
0.00109170305677
-0.00109051254089
-0.00109170305677
0.0
0.0
0.0
0.0
0.0
0.00109289617486
0.00109170305677
0.0
0.0
0.00109051254089
0.00217864923747
0.00108695652174
0.00217155266015
-0.0032502708559
0.0
0.0
0.00217391304348
0.00108459869848
0.0
0.0
0.00216684723727
0.0
0.0
0.0
0.00216216216216
0.0
0.00107874865156
-0.0010775862069
0.0
0.0
0.00107874865156
0.0010775862069
0.0
0.0
0.0010764262648
0.0
0.0
0.0
0.00215053763441
0.00107296137339
0.0
0.0010718113612
0.0
0.0
0.00107066381156
0.00320855614973
0.00106609808102
0.0
0.0010649627263
0.0
0.0
0.0
0.00106382978723
0.0
0.00106269925611
0.00212314225053
0.0
0.0
0.0
0.0010593220339
0.0010582010582
0.00105708245243
0.00105596620908
0.0
0.0
0.0
0.0
0.0
0.00105485232068
0.00105374077977
0.0
0.0
0.00105263157895
0.00105152471083
0.0
0.0
0.0
0.0
0.0
0.0
0.0
0.00105042016807
0.00104931794334
0.0
0.0
0.0
0.0
0.00104821802935
0.00104712041885
0.0
0.0010460251046
0.0
0.0
0.0
0.00104493207941
0.00104384133612
0.0
0.00104275286757
0.0
0.0
0.00104166666667
0.00104058272633
0.0010395010395
0.00103842159917
0.0
0.0
0.0
0.00103734439834
0.00103626943005
0.0
0.0
0.00103519668737
0.0
0.0
0.00103412616339
0.00103305785124
0.0
0.00103199174407
0.00103092783505
0.0
0.0
0.0
0.0
0.0010298661174
0.0
0.00102880658436
0.0
0.0
0.0
0.00102774922919
0.00102669404517
0.00102564102564
0.00102459016393
0.0
0.0
0.0
0.00102354145343
0.00102249488753
0.0
0.0
0.0
0.0
0.00102145045965
0.0
0.00102040816327
0.0
0.00101936799185
0.0
0.0
0.0
0.0010183299389
0.0
0.00101729399797
0.0
0.0
0.0
0.0010162601626
0.0
0.0
0.0010152284264
0.00101419878296
0.0
0.0
0.00101317122594
0.00101214574899
0.0010111223458
0.0
0.0
0.0
0.0
0.0010101010101
0.0
0.00100908173562
0.0
0.0
0.0
0.0
0.00100806451613
0.00100704934542
0.0
0.0010060362173
0.0
0.0
0.0
0.00100502512563
0.0
0.00100401606426
0.0
0.00100300902708
0.0
0.0
0.0
0.0
0.0
0.0
0.0
0.0
0.0
0.00100200400802
0.0
0.001001001001
0.0
0.0
0.0
0.0
0.001
0.0
0.000999000999001
0.0
0.000998003992016
0.0
0.0
0.0
0.000997008973081
0.0
0.000996015936255
0.000995024875622
0.0
0.0
0.0
0.000994035785288
0.000993048659384
0.0
0.000992063492063
0.0
0.0
0.000991080277502
0.000990099009901
0.0
0.000989119683482
0.00098814229249
0.0
0.0
0.0
0.000987166831194
0.0
0.000986193293885
0.0
0.0
0.0
0.000985221674877
0.000984251968504
0.0
0.0
0.000983284169125
0.0
0.0
0.0
0.0
0.00098231827112
0.0
0.000981354268891
0.0
0.0
0.0
0.000980392156863
0.0
0.0
0.0
0.0
0.0
0.000979431929481
0.000978473581213
0.0
0.000977517106549
0.0
0.0
0.0
0.0009765625
0.0
0.000975609756098
0.000974658869396
0.0
0.0
0.0
0.000973709834469
0.0
0.000972762645914
0.0
0.000971817298348
0.0
0.0
0.0
0.000970873786408
0.0
0.000969932104753
0.0
0.0
0.0
0.000968992248062
0.000968054211036
0.0
0.000967117988395
0.0
0.0
0.0
0.000966183574879
0.0
0.000965250965251
0.0
0.000964320154291
0.0
0.0
0.0
0.000963391136801
0.0
0.000962463907604
0.0
0.0
0.0
0.000961538461538
0.0
0.000960614793468
0.0
0.000959692898272
0.0
0.0
0.0
0.000958772770853
0.00095785440613
0.0
0.000956937799043
0.0
0.0
0.000956022944551
0.0
0.000955109837631
0.000954198473282
0.0
0.0
0.0
0.00095328884652
0.000952380952381
0.000951474785918
0.000950570342205
0.000949667616334
0.0
0.0
0.0
0.000948766603416
0.000947867298578
0.00094696969697
0.0
0.0
0.0
0.000946073793756
0.000945179584121
0.000944287063267
0.000943396226415
0.000942507068803
0.0
0.0
0.0
0.000941619585687
0.0
0.000940733772342
0.0
0.0
0.0
0.00093984962406
0.0
0.00093896713615
0.0
0.00093808630394
0.0
0.0
0.0
0.000937207122774
0.0
0.000936329588015
0.0
0.0
0.0
0.000935453695042
0.0
0.000934579439252
0.0
0.00093370681606
0.0
0.0
0.0
0.0
0.000932835820896
0.000931966449208
0.0
0.0
0.0
0.0
0.0
0.000931098696462
0.0
0.00093023255814
0.0
0.0
0.00092936802974
0.0
0.0
0.000928505106778
0.0
0.0
0.0
0.000927643784787
0.0
0.000926784059314
0.0
0.000925925925926
0.0
0.0
0.0
0.000925069380203
0.0
0.000924214417745
0.000923361034164
0.0
0.0
0.0
0.000922509225092
0.0
0.000921658986175
0.0
0.0
0.0
0.000920810313076
0.0
0.000919963201472
0.000919117647059
0.0
0.000918273645546
0.0
0.00275229357798
0.00182982616651
0.00730593607306
0.0
0.0
0.0
0.0
0.0698096101541
0.00423728813559
0.0042194092827
0.0
0.0
0.0
0.0
0.0705882352941
0.00470957613815
0.0
0.075
0.0218023255814
0.0
0.0
0.0177809388336
0.00139762403913
0.0474528960223
-0.00333111259161
-0.00534759358289
0.0
0.0
-0.00201612903226
-0.0013468013468
0.00539447066757
-0.00134138162307
0.00134318334453
0.0
0.0
0.0127431254192
0.0139072847682
-0.00653167864141
0.00986193293886
0.00260416666667
0.0
0.0
0.00324675324675
-0.00194174757282
-0.0175097276265
0.0171617161716
-0.00908500973394
0.0
0.0
-0.00392927308448
-0.000657462195924
0.00855263157895
-0.00195694716243
-0.0137254901961
0.0
0.0
-0.0152418820411
0.00336473755047
0.0
-0.0093896713615
0.0
0.0
0.0
0.00609343263372
0.00874831763122
-0.00466977985324
-0.0113941018767
0.00949152542373
0.0
0.0
0.00470114170584
0.00802139037433
0.0
-0.00397877984085
-0.0106524633822
0.0
0.0
0.00605652759085
0.00133779264214
0.0153640614562
-0.00855263157895
-0.000663570006636
0.0
0.0
0.00398406374502
-0.00132275132275
0.000662251655629
-0.0231634679021
0.0020325203252
0.0
0.0
-0.00743745774172
-0.0074931880109
-0.000686341798215
-0.00480769230769
0.0103519668737
0.0
0.0
0.0068306010929
-0.00271370420624
0.00136054421769
-0.00271739130435
-0.00408719346049
0.0
0.0
-0.00341997264022
-0.00549073438572
0.00138026224983
-0.0110268780152
-0.001393728223
0.0
0.0
0.00767620376832
-0.00138504155125
-0.00624133148405
-0.00418702023726
0.00140154169587
0.0
0.0
0.0
0.0
0.0202939118265
-0.0150891632373
-0.008356545961
0.0
0.0
0.0140449438202
0.00831024930748
-0.00618131868132
-0.0138217000691
0.0
0.0
0.0
0.0021023125438
0.0118881118881
-0.015203870076
0.000701754385965
0.00140252454418
0.0
0.0
0.00280112044818
-0.00279329608939
-0.00840336134454
0.00141242937853
-0.00211565585331
0.0
0.0
-0.00777385159011
0.00925925925926
0.00846859562456
0.00629811056683
-0.00417246175243
0.0
0.0
0.00628491620112
0.00832755031228
0.00688231245699
0.0123034859877
0.00540175557056
0.0
0.0
-0.00503693754197
0.00654741815727
0.00207886266094
0.0125142207053
0.0122934567085
0.0
0.0
0.00626795507966
0.00493122242409
-0.00871642561983
-0.00110727545105
0.000586854460094
0.0
0.0
0.0058651026393
-0.000842241658568
0.00252885488264
-0.00653256581075
-0.00436197916667
0.0
0.0
0.00163473484601
0.00385167776472
6.50321909346e-05
0.000130055924047
-0.00468140442133
0.0
0.0
0.00248236216357
-0.00084712628698
0.00156525141851
0.00253955850752
0.0
0.0
0.0
0.000259807742271
0.00207792207792
0.000907205806117
0.000906383529717
-0.00446313065977
0.0
0.0
-0.0100058475733
0.00610356369364
0.00123939986954
-0.00208482637305
-0.00848730169093
0.0
0.0
-0.000329228945809
0.00118561454354
-0.000197368421053
-0.00585641903007
0.000794281175536
0.0
0.0
0.000396825396825
0.00489223852968
0.00078947368421
0.000591638180384
0.00177386505486
0.0
0.0
0.00636149003148
0.0099055066797
0.00438794605407
0.00912303244459
-0.00108231998472
0.0
0.0
0.00732950924156
-0.002151217969
0.0138228393888
0.000500343986491
-0.000375070325686
0.0
0.0
0.00206366080921
0.0146655017474
0.0100867212006
0.00456676612068
0.0140623105831
0.0
0.0
0.0520621637776
0.0133515141185
-0.00762502803319
-0.00186440677966
-0.00724514631799
0.0
0.0
-0.0049603740236
-0.00303690121476
0.00528766021036
0.00468812532159
0.00625960279975
0.0
0.0
0.00610756093423
0.00140520487887
-0.00050516389762
0.00185320379626
-0.00218609865471
0.0
0.0
-0.000168529857873
-0.00202269917968
-0.00236459858124
-0.00474040632054
-0.00595373100476
0.0
0.0
-5.70418116479e-05
0.00154021677125
0.00262003759184
0.00391978640005
0.00198053417836
0.0
0.0
-0.000903597447337
0.000678311005596
-0.000847314014574
-0.00084803256445
0.0028291744469
0.0
0.0
0.000959205552107
-0.00625704622322
-0.012252538431
-0.00430712685924
-0.0078440419887
0.0
0.0
-0.00232531101035
0.00471972963524
0.00579945485124
-0.00547771435161
-0.00313079777365
0.0
0.0
-0.000872397347912
0.00547179696141
-0.00121577027731
0.00121725017389
-0.000868407340937
0.0
0.0
0.0031869278016
0.00259920291111
0.00639474593847
-0.00108764096399
-0.000687679083095
0.0
0.0
-0.000974882440647
0.00149245163883
-0.00194875909899
0.00528340894734
-0.000285632676378
0.0
0.0
0.00805714285714
-5.66861289043e-05
0.000453514739229
0.00549637352675
0.00698788391096
0.0
0.0
0.00111925681348
0.000391301917379
0.00106168976308
0.000502372313704
0.000167373354162
0.0
0.0
0.00273330730184
0.00367156208278
0.00471122935373
0.00766811937993
-0.00618635716632
0.0
0.0
-0.00302980223654
-0.00375732125097
0.00305047143649
0.00547414984794
-0.00533435987681
0.0
0.0
0.00486537291978
0.00467675378267
-5.47645125958e-05
-0.000602442631031
0.00010960105217
0.0
0.0
0.00290410958904
-0.0007102660766
0.00109349371241
0.00152921900601
0.001745010361
0.0
0.0
0.000326619488296
-5.44188071397e-05
-0.000380952380952
-0.00430095818815
0.0
0.0
0.0
0.00442889168353
0.0100707675558
0.000754513608192
0.0
0.0
0.0
0.0
0.00317733857504
0.00209362250376
0.00455349011625
0.0
0.0
0.0
0.0
0.0157849829352
0.00976480470391
0.004783196423
0.00972782779675
0.0179358409347
0.0134917438582
0.0
0.0142559109875
-0.000342817963661
0.00240054869685
0.0539074336543
-0.021749211649
0.0
0.0
-0.0165442047879
0.0243420418394
0.00536445343749
-0.00613152351978
-0.0193557502119
0.0
0.0
0.00878835902608
0.0267542606874
0.00695474777448
-0.0106823832765
0.00847063203947
0.0
0.0
-0.000369208048735
0.0138042474608
0.00500933557994
-0.00158593502198
0.00140691658346
0.0
0.0
-0.00784047133469
-0.00940983007491
0.0105136954717
-0.013598612759
0.00309955588453
0.0
0.0
-0.00179864409906
-0.00157087414526
0.00249884312818
-0.000738552437223
-0.00766814486327
0.0
0.0
0.00111721441207
-0.0106481912025
-9.39982140339e-05
0.004089306698
-0.0059451362232
-0.0151636449258
0.0
0.0
0.0
0.00344283460049
-0.00700500357398
-0.00825415107016
0.0
0.0
-0.00241943288493
0.00286185487
0.00241837968561
-0.0183835946924
-0.00324419976406
0.0
0.0
0.0017260084821
-0.00462757839807
-0.00286858895099
0.00580328356728
-0.00226846829076
0.0
0.0
-0.00558521154607
0.00710770913067
-0.00636659757181
0.000298018179109
-0.00710065047917
0.0
0.0
0.0105021004201
0.00237553202019
-0.000888713340575
-0.00711603083613
-0.0031355763488
0.0
0.0
-0.00354485995307
-0.00470989077062
-0.000755134917439
0.007053252053
-0.00410225624093
0.0
0.0
0.0153714773698
-0.018354524316
-0.000655175889527
-0.00887588884966
0.00173001577367
0.0
0.0
0.000812719053182
-0.00177637923159
-0.00879601382957
-0.00579635804052
-0.00866783613662
0.0
0.0
-0.00176954304153
-0.00307612095933
0.0145912870666
-0.000567010309278
0.00232090360514
0.0
0.0
0.0
0.0
0.00138931769065
-0.0116643543497
0.00166372049496
0.0
0.0
-0.000259524551023
-0.000726857380198
0.00665038707331
0.0112
0.000816659861168
0.0
0.0
0.00367197062423
0.00401422764228
-0.00283415152589
-0.00426331015581
0.00474030276773
0.0
0.0
0.00385551948052
0.0
0.0044976753588
0.00221361372441
0.00431705235681
0.0
0.0
-0.00689758584495
-0.000956263526096
-0.00216624685139
-0.00641187458979
0.0072662601626
0.0
0.0
0.00549866316905
0.00376279349789
0.00199930024491
-0.000947772734075
-0.00304573596964
0.0
0.0
-0.012019832724
0.000760379175749
0.000861108297032
0.00212561364442
0.0126256249684
0.0
0.0
-0.000748092364471
0.000249550808545
0.000598772516341
0.0
0.0
0.0
0.0
-0.00369022091458
0.00345362630762
0.00553671189146
-0.00188501413761
0.000149097957358
0.0
0.0
-0.000198767640628
-0.00382703777336
0.000149678191887
-0.00528783797266
-0.00561685055166
0.0
0.0
-0.000201734920315
-0.00242130750605
0.0015675566343
-0.00136315444035
0.00353892821031
0.0
0.0
0.0023677581864
0.00281449464743
-0.000501177767754
-0.00270771699343
0.00346925436171
0.0
0.0
-0.00796673013328
0.0059093893631
0.00060253062864
-0.000100361300682
-0.00747766736927
0.0
0.0
-0.00581483541488
-0.000203438103957
-0.000305219249161
-0.000203541624262
-0.00473330618893
0.0
0.0
-0.00373306059831
-0.00456831947439
-0.000257824988398
-0.00515782958531
0.0
0.0
0.0
0.00342181667358
0.00346181667872
0.00520055609907
0.00250998873066
-0.0030657605641
0.0
0.0
0.00322894777305
0.000204352712782
0.00137909898866
0.00040805916858
0.00402794065161
0.0
0.0
-0.00543367865123
0.00137860607608
-0.00387517846217
-0.003276003276
0.000256778964667
0.0
0.0
0.00513426092314
-0.000715124891454
-0.000153350713081
0.000715746421268
-0.00255440890978
0.0
0.0
-0.000665847162467
-0.00153759417764
-0.00123196961142
-0.00632163231742
-0.000620668252819
0.0
0.0
0.000724562674671
-0.00284443525031
0.00254136196255
-0.00341438178996
0.000207641196013
0.0
0.0
-0.00565704795516
0.000991701028237
-0.000104286161226
-0.00104297037964
-0.000365420755899
0.0
0.0
-0.000626664577785
-0.000365783560642
0.00308416100366
0.00604513002241
-0.0027972027972
0.0
0.0
-0.000155836060464
-0.00327306733167
-0.00375293197811
-0.00256370009941
-0.00083927822073
0.0
0.0
-0.00131247375053
-0.000998790937286
0.000684066512313
0.00441710048904
-0.00188471807759
0.0
0.0
-0.000576973511671
-0.000734753857458
0.000105042016807
-0.00015754647621
0.00068280897106
0.0
0.0
0.0
0.000524879277766
0.00110166824048
0.00136246921344
0.0169553613481
0.0
0.0
0.0078732053723
-0.000255284386807
-0.0042388029212
0.00338496256026
0.000408914332447
0.0
0.0
-0.00567136725935
-0.000719387492935
0.00344526147992
0.00681561955519
-0.000559881915814
0.0
0.0
0.00147687920147
0.00274599542334
0.00385415081901
-0.00848699166456
0.00387221684414
0.0
0.0
0.000152261076993
-0.000507459656957
0.00472177091795
-0.00217292435191
-0.000354502177656
0.0
0.0
-0.00972693652161
-0.00107433365734
0.00112670285773
0.0102823818293
-0.00116461592992
0.0
0.0
-0.000557639663388
0.000405782399188
-0.00740252497085
-0.00413750830056
-0.000820681165367
0.0
0.0
-0.0023613963039
0.00375630338582
0.000615163787358
0.00338132076438
0.0
0.0
0.0
0.0
0.00413581822824
0.00208481643446
-0.00274014309636
-0.00585152394037
0.0
0.0
0.0030197563722
0.00219421340001
0.00290224032587
-0.00786921866274
-0.00168867055573
0.0
0.0
0.00199907734892
-0.00214855739718
-0.00343484056188
0.00169761819024
-0.00251643385374
-0.00319209184987
0.0
-0.000568152471463
-0.00206718346253
-0.00124287933713
0.00181478792907
0.00377827234615
0.0
0.0
-0.0019078065381
-5.16608978663e-05
0.000464972101674
-0.0010844306739
-0.0039805624483
0.0
0.0
-0.0075777235688
0.00298101563726
0.00245072478882
-0.00514954486346
-0.00512391508941
0.0
0.0
-0.00719991591339
-0.00460536763538
-0.00818974686237
0.00134048257373
0.00299866131191
0.0
0.0
0.00282953392771
-0.00175681431005
-0.00149325369314
0.00165571756663
0.00106643915965
0.0
0.0
0.0023436667732
0.00217876501222
0.00509040776287
0.00247955684516
0.00731501947163
0.0
0.0
-0.00574682618463
-0.000420366770007
0.0
0.00541449823897
0.000784272717766
0.0
0.0
-0.000992633613709
0.00109821148415
0.000470145745181
-0.00892857142857
-0.00379326695116
0.0
0.0
-0.0042307895711
-0.00169950608105
0.00303239878704
-0.000636469714649
-0.00180447935463
0.0
0.0
-0.00404083368779
0.000854153320521
0.00101344143375
-0.00250439601428
5.34188034187e-05
0.0
0.0
0.00299129320015
0.00484635458273
-0.00317998728005
0.00393449595917
0.00296578752251
0.0
0.0
0.00469954588658
-0.00320597046303
-0.00284720025308
-0.00248519458545
-0.00254439438113
0.0
0.0
0.00042514747303
-0.00148738379814
0.00010639995744
0.00143624660886
-0.0033464357803
0.0
0.0
0.0
0.0
-0.00367745030112
0.00369102385792
-0.00122581676704
-0.0025613660619
0.0
0.0
-0.000588487053285
0.00187356137252
0.00630476597564
0.00530954656472
-0.00580965458963
0.0
0.0
0.0
0.00164683382915
-0.00721294086449
0.000747903199957
0.0
0.0
-0.00715315219132
-0.00376364320662
0.00291435047763
0.00521982457084
-0.00380085653105
0.0
0.0
-0.00451394486539
-5.39811066127e-05
0.00016195206219
-0.000377826955254
0.00421166306695
0.0
0.0
0.00145176900742
0.000912751677852
0.00166291170475
-0.0020350238312
0.00160987389321
0.0
0.0
-0.000803643182427
0.00128686327078
-0.000107100781836
