3
5 7 1 
1
1
1 1
1
1 1
1
1 1
1
1 1
1
1 1
5
-0.0661407 0.703559 0.398149 0.874272 0.49544 0.314114
5
0.74188 0.556856 0.491642 0.421488 0.182827 0.65238
5
0.766831 0.261069 0.401973 0.026797 0.921115 0.372905
5
0.11918 0.401639 0.256873 0.658737 0.291095 0.602992
5
-0.0376786 0.287551 0.6012 0.218223 0.889833 0.242247
5
0.054036 0.716776 0.703533 0.602755 0.696639 0.335867
5
0.0214341 0.797441 0.166502 0.768527 0.409602 0.586697
7
0.662626 0.445299 0.938601 0.0528219 0.395409 0.996815 0.520938 0.815374
