3
3 100 1 
1
1
1 1
1
1 1
1
1 1
3
0.235402 0.234615 0.418526 0.190909
3
0.253956 -0.00873208 -0.433178 -0.38514
3
-0.431378 0.235166 0.251667 0.117789
3
0.233124 0.474515 -0.256924 -0.369658
3
0.455025 0.0788092 0.485426 -0.370649
3
0.295822 -0.0343225 0.125042 0.501791
3
0.127175 0.14694 -0.151915 0.247825
3
-0.26445 0.292545 0.356281 0.469374
3
0.0287867 0.276431 0.161434 -0.220717
3
-0.236885 0.223668 -0.111518 -0.173935
3
-0.0474953 -0.366185 0.436269 -0.320283
3
-0.402845 -0.331834 -0.202387 -0.451958
3
0.247789 -0.21615 -0.322337 0.0417398
3
0.246245 0.29942 0.0393577 -0.131456
3
-0.0578541 0.383224 -0.388961 0.175694
3
0.171902 0.46345 0.140248 -0.304923
3
0.233179 -0.205023 -0.0335328 0.491107
3
-0.486244 0.350055 -0.188803 -0.0387802
3
0.479204 -0.257205 0.135111 -0.423904
3
-0.0911995 0.430559 -0.378791 -0.34885
3
-0.290451 -0.205992 0.186861 0.451257
3
-0.415227 -0.28244 -0.190057 0.0208162
3
-0.403691 -0.0834967 -0.308931 0.263507
3
-0.123792 0.327569 0.453798 -0.394618
3
-0.387052 -0.089336 -0.414245 -0.378603
3
-0.241539 -0.105309 0.0796603 -0.26825
3
0.129448 -0.29327 -0.201322 -0.466609
3
-0.368192 -0.0855971 -0.321766 -0.164653
3
0.203721 0.360402 -0.218992 0.286115
3
-0.426172 0.0868144 -0.19791 -0.3343
3
0.499357 -0.0108043 0.424478 -0.130244
3
-0.186267 0.375241 -0.0288921 -0.0738503
3
-0.215331 0.055624 0.045504 0.0394224
3
0.444844 -0.38031 0.264564 0.072136
3
-0.177297 -0.440478 0.100962 -0.0474099
3
-0.0265156 0.278752 0.28679 -0.326078
3
0.13443 -0.436931 0.454238 0.206236
3
0.147043 -0.246516 0.368243 0.143606
3
0.239014 0.289052 -0.491208 -0.453207
3
0.157315 -0.0270821 -0.0352338 0.436004
3
-0.477496 0.504229 -0.0317534 0.4625
3
-0.382632 -0.273743 0.0270161 -0.0639018
3
-0.215727 -0.373531 0.386344 0.25215
3
0.394715 0.162624 0.414226 0.0238791
3
0.224247 0.367014 -0.272147 -0.133307
3
-0.384611 -0.409017 0.503975 0.350144
3
0.374509 -0.492763 0.390215 0.0280126
3
-0.0240565 -0.149234 -0.041275 -0.0057456
3
-0.149627 0.422346 -0.0490117 -0.0352324
3
-0.356033 0.473365 0.39519 -0.0776827
3
-0.405427 0.276269 -0.332026 0.487715
3
-0.0670677 -0.423764 0.00471674 -0.348836
3
0.440451 0.229767 0.0141066 -0.449952
3
0.310699 0.00802689 0.388805 0.179632
3
0.0114913 0.275245 -0.297022 0.481865
3
-0.378997 0.156692 -0.0300223 -0.0342872
3
0.0687367 0.410662 0.418913 0.207626
3
0.380022 0.310095 -0.3748 0.468439
3
0.0829748 -0.210219 0.451768 -0.486215
3
-0.139506 -0.0490415 -0.341504 -0.204969
3
-0.322712 0.169161 -0.159367 0.485974
3
-0.32561 -0.273363 0.161883 0.181774
3
0.495539 0.358516 0.156168 -0.388789
3
0.00826089 -0.380804 0.0689062 -0.424422
3
-0.469102 -0.0111442 0.283718 0.408539
3
-0.207744 0.40222 0.369331 0.369383
3
-0.311246 0.317848 0.379033 0.0464638
3
-0.234627 -0.465908 0.337164 -0.0629575
3
0.198248 -0.327213 -0.0831714 0.367282
3
-0.108805 -0.429522 0.0395391 -0.117247
3
0.427071 -0.306219 -0.00884392 -0.067234
3
-0.193791 -0.446709 0.000552224 -0.168626
3
0.0395604 -0.21832 -0.263621 0.330128
3
-0.321148 -0.399341 0.19354 -0.137209
3
0.414262 0.0683243 0.404069 -0.324973
3
0.0987986 0.237612 0.107421 -0.20855
3
0.401783 -0.48437 -0.35119 -0.210645
3
-0.416829 0.185408 0.168348 0.504254
3
0.373065 -0.346625 -0.0703019 -0.323151
3
-0.296168 0.427413 0.00452237 0.237526
3
-0.296423 0.235382 0.0608946 -0.120654
3
0.330377 -0.251233 0.235416 0.240395
3
0.31144 0.133831 0.408812 -0.0955856
3
-0.132016 0.0127711 0.191393 -0.233396
3
0.023156 0.334955 0.0496641 0.101929
3
0.0164952 -0.285859 0.101302 -0.115103
3
-0.138747 -0.475266 0.054323 0.0601764
3
0.446123 -0.447182 -0.209391 -0.356189
3
0.281118 0.344418 0.0149744 0.107446
3
-0.40922 -0.252018 -0.155385 0.399329
3
0.378442 -0.249946 -0.200557 -0.259182
3
0.256077 0.484084 -0.000551046 -0.224999
3
0.315879 -0.45405 0.372756 -0.172717
3
-0.245682 -0.0317193 0.205118 0.111477
3
-0.0145103 -0.248087 -0.337056 -0.0721531
3
-0.199254 -0.0504348 0.0668432 -0.421125
3
-0.209056 -0.421225 0.182514 -0.123225
3
-0.181507 -0.481138 -0.233177 -0.308399
3
-0.234744 0.0626037 -0.0719633 -0.483242
3
0.045004 0.425799 -0.210779 -0.144939
100
0.441635 -0.337971 0.163432 -0.294391 0.0979449 -0.149583 0.301657 -0.423413 0.109331 0.477905 0.0243928 0.429926 -0.0780202 -0.430909 0.482965 0.192352 -0.358057 0.173289 -0.422512 -0.0192636 0.17727 -0.144345 0.172231 0.438485 0.41728 -0.402029 0.473009 -0.0457234 -0.508533 -0.244026 0.271037 0.461905 -0.109105 -0.0556228 -0.317135 0.495352 0.311627 0.471554 -0.396988 -0.0770113 0.440253 0.122752 -0.154758 -0.149282 0.183584 -0.169078 -0.437481 0.347223 0.493148 -0.365557 -0.189511 0.195454 -0.0203747 0.457271 0.1121 -0.1092 -0.458348 0.06542 0.326941 -0.421295 0.315246 0.113329 -0.484623 -0.275364 -0.445035 -0.318139 -0.300514 0.391868 -0.325023 -0.184857 -0.183718 -0.353317 0.4127 0.178033 -0.0129954 0.0931718 0.511173 0.0573674 -0.0504421 0.485886 0.216268 0.240013 0.160327 -0.298157 0.214189 -0.194104 0.0918537 0.29756 0.364692 -0.0888242 0.35734 0.189122 -0.491494 0.375316 0.423778 -0.415845 -0.412553 -0.362785 0.467364 -0.247899 -0.0975891
